Wavelength(um) Flux(uJy) Error(uJy)
0.6067556142807007 -0.02105906323016509
0.6111966371536255 0.07386841678614944
0.6157302856445312 0.0656095375362297
0.6203600168228149 0.08639302796932635
0.625092089176178 0.2785185919301802
0.6299285292625427 0.14854455528483343
0.634869396686554 0.02982101796809922
0.6399180889129639 0.1393489771795769
0.645078182220459 0.08845023709238972
0.6503554582595825 0.09593404070809748
0.6557567715644836 0.11397140674209422
0.6612820029258728 0.09541328848297953
0.6669345498085022 0.14817177243859003
0.6727177500724792 0.17604506900613232
0.6786348223686218 0.08988684834189764
0.6846890449523926 0.04167252449926561
0.6908949613571167 0.2936115798394997
0.6972581148147583 0.16239914093572236
0.7037699818611145 0.21745629802231803
0.7104354500770569 0.15672471645426644
0.7172863483428955 0.23784992766627083
0.7242967486381531 0.2428297510084902
0.7314887046813965 0.3948620643753704
0.7388662695884705 0.31467188625640374
0.746430516242981 0.3095274761746348
0.7541941404342651 0.3641259996779782
0.7621619701385498 0.38411109777825136
0.7703294157981873 0.3633294999088296
0.7787298560142517 0.36995845388384646
0.8146011829376221 0.5762281570858048
0.8241833448410034 0.6725210889076361
0.8340234160423279 0.6300994985568582
0.8441269397735596 0.6676620554346439
0.8545023202896118 0.6402320913767587
0.8651565313339233 0.7723912261817415
0.876101016998291 0.7348048048680633
0.8873430490493774 0.8754653701989474
0.898881196975708 0.8816524246969978
0.910719633102417 0.9144692959578757
0.922882080078125 1.0509936844401047
0.9353504180908203 1.1026383396865815
0.9481494426727295 1.1439043768227908
0.9612654447555542 1.2735333427181896
0.9747152328491211 1.2722729459067117
0.9884958863258362 1.33988810433641
1.0026065111160278 1.4314429149538703
1.0170491933822632 1.491102741371077
1.0318244695663452 1.6092327391078165
1.0469309091567993 1.7512718383198034
1.0623654127120972 1.8717700434202065
1.078121304512024 2.06742270356075
1.0941916704177856 2.148987729700052
1.1105719804763794 2.282312158649536
1.127260684967041 2.3955929628151065
1.1442434787750244 2.482842968411675
1.1615101099014282 2.5809599083684764
1.179054617881775 2.668654031640655
1.1968597173690796 2.8600807893590217
1.233209490776062 2.975405171192255
1.308457851409912 3.751913598863467
1.3277322053909302 3.888881174026017
1.347152829170227 3.914538520470258
1.366703987121582 4.225354422815609
1.3863705396652222 4.4212852195053465
1.4061371088027954 4.514587993213236
1.4259892702102661 4.277325814285566
1.44591224193573 4.308813427873667
1.4658924341201782 4.338325890261459
1.4859164953231812 4.74193389877694
1.5059717893600464 4.827796186912941
1.5260456800460815 5.096526379501973
1.5661202669143677 5.067036350784322
1.5861159563064575 5.123294166333867
1.6060903072357178 5.340432902052829
1.6260344982147217 5.3890986053421
1.645940899848938 5.429001882866542
1.6658021211624146 5.776000110822378
1.685611605644226 6.108548787524987
1.7053632736206055 6.081895415328887
1.7250514030456543 6.036223319955247
1.7446712255477905 6.257707521522337
1.7642189264297485 6.282304308207969
1.783697247505188 6.289492852576103
1.803108811378479 6.625123743694348
1.841676950454712 6.597527713476732
1.860828161239624 7.0591235095933005
1.879887342453003 7.066145351203112
1.8988523483276367 7.154985234675699
1.9177223443984985 7.376343695043282
1.9364959001541138 7.519531995813106
1.9737484455108643 7.773816505508843
1.9922256469726562 7.72327033540844
2.0106048583984375 7.824591052471167
2.028890371322632 7.719446515721031
2.0470762252807617 7.822078417278037
2.065162181854248 8.013718055509383
2.0831456184387207 7.979225778339065
2.10102915763855 8.218604522294216
2.118812084197998 8.193960833709315
2.1364943981170654 8.415004336814587
2.1540775299072266 8.115931946633655
2.171560764312744 8.462277974535034
2.1889455318450928 8.230355651869466
2.2062318325042725 8.615543579570046
2.2234203815460205 8.429217864140135
2.2575061321258545 8.520669787714047
2.2744052410125732 8.728930260751014
2.291208267211914 9.018863341884414
2.307917833328247 8.793163403727647
2.324535608291626 8.637282671794713
2.341059684753418 9.03729962236936
2.3574931621551514 9.041297174211124
2.3738369941711426 9.024919966305719
2.3900911808013916 9.368986797435001
2.4062559604644775 9.168188408832334
2.4223337173461914 9.255210222693425
2.4383251667022705 9.145376743275573
2.4542312622070312 9.037706736461288
2.470052719116211 8.989829356131443
2.4857981204986572 8.581043052887654
2.5014774799346924 8.89245077098245
2.5170745849609375 9.071558938274016
2.532590389251709 9.03479258725085
2.548025369644165 9.080303297122162
2.5633809566497803 9.174189704401886
2.578657388687134 8.828189617781785
2.5938560962677 8.703786527577277
2.608977794647217 8.72009249105383
2.624022960662842 9.114152511632533
2.63899302482605 9.02200352027036
2.653888702392578 9.416800423669955
2.668710708618164 8.97719730151781
2.683459758758545 8.575771620090029
2.698137044906616 8.926328845922042
2.7127416133880615 9.367815424148922
2.741711139678955 9.181329199585988
2.7560908794403076 9.155134428670468
2.7704029083251953 8.940259751067718
2.7846484184265137 9.065807696867658
2.7988269329071045 8.866029085935951
2.8129401206970215 8.848866436143119
2.826988935470581 8.92321040220016
2.8409743309020996 9.080779932300263
2.8548967838287354 9.243856787049552
2.86875581741333 9.062307051940488
2.8825531005859375 8.88531586587369
2.896289825439453 8.828950457257735
2.9099667072296143 8.80599374357967
2.9235827922821045 8.182064348944811
2.9371397495269775 8.495214664388689
2.950639247894287 8.766521013999032
2.9640824794769287 8.438861587432662
2.9774675369262695 8.727497520413516
2.9907968044281006 8.499486720901551
3.004070281982422 8.458225546697268
3.017287492752075 7.599376616665762
3.0304508209228516 6.9117585642415476
3.056614398956299 6.869688803597528
3.069617509841919 6.584477024720405
3.082566261291504 6.564601242078528
3.0954644680023193 6.4295537024367455
3.1083104610443115 6.284228004049379
3.121105909347534 6.482479737814455
3.1338512897491455 6.842167803169413
3.1465461254119873 6.339990919480582
3.1591928005218506 6.536124701378408
3.1717889308929443 6.835158749058302
3.1843392848968506 6.837687645881907
3.1968438625335693 6.64275987378735
3.209303617477417 6.527609126002641
3.221714496612549 6.610867922923915
3.2340805530548096 6.444801698565882
3.246399402618408 6.612465694161948
3.2586734294891357 6.812666361535053
3.270901679992676 6.880192649110617
3.283085584640503 6.935433228512246
3.2952256202697754 6.815409824784898
3.307321071624756 7.039950254498031
3.3193740844726562 6.853342962561573
3.3313827514648438 6.870416980536047
3.3433496952056885 7.372580591887093
3.3552744388580322 7.243772452688762
3.367156744003296 7.129670175135161
3.3789987564086914 7.326866261242859
3.390798568725586 7.633550862459494
3.4025580883026123 7.310267988427422
3.4142777919769287 7.166684969879214
3.4259541034698486 7.359371340819303
3.4375884532928467 7.6800410827530134
3.4491844177246094 7.15408326908944
3.460740327835083 7.663697875460345
3.4722583293914795 7.847933746335481
3.483738899230957 7.421461845821256
3.495181083679199 7.581552744688934
3.5065853595733643 7.7627396422065225
3.517953395843506 8.248352432047229
3.529284954071045 7.9969898426992305
3.540578842163086 8.003729882383592
3.5518369674682617 8.292729047328365
3.5630598068237305 8.012781355790185
3.574247360229492 8.256579100963364
3.5853986740112305 8.4573252042558
3.59651517868042 8.326848929355489
3.607597589492798 8.392887684402426
3.618645668029785 8.13118156955598
3.62965989112854 7.9676717719992505
3.640639543533325 8.42200231579809
3.6515860557556152 8.32519121585772
3.6625006198883057 8.309495164692576
3.6733832359313965 8.311454035778368
3.6842334270477295 8.178296560973614
3.6950504779815674 8.561674534102945
3.7058353424072266 8.536663477608519
3.716588258743286 8.317342800923269
3.7273099422454834 8.049243492859123
3.7380001544952393 8.30007737859301
3.748659372329712 8.340071762208174
3.7592878341674805 8.610001666178068
3.7698850631713867 8.032845785990855
3.780451774597168 8.188865441297741
3.7909884452819824 8.469212646336233
3.8119723796844482 8.595362748981664
3.8224198818206787 8.705038231528238
3.832838296890259 8.011004165794683
3.8432278633117676 8.358017917353262
3.853588342666626 8.108982123858805
3.8639204502105713 7.6762763317534395
3.8742241859436035 7.885798550991096
3.8844995498657227 7.282956102086991
3.8947489261627197 7.970197647348555
3.904973030090332 7.485478710694558
3.9151694774627686 7.828230160329778
3.9253387451171875 7.72991234285299
3.935480833053589 7.84291923998553
3.9455957412719727 8.458379439340122
3.955683946609497 7.966715188075064
3.965745687484741 7.547562628247619
3.975780725479126 7.271256845971259
3.9857897758483887 7.049763509847599
3.99577260017395 7.739640705251227
4.005729675292969 7.837451084773891
4.015660762786865 7.605892964304822
4.025566577911377 8.841712089059712
4.035447120666504 8.012529255589254
4.045302391052246 7.704695052540074
4.055132865905762 7.767728371657323
4.064938545227051 8.033256595107208
4.074719429016113 7.430453005663777
4.084475994110107 8.153219655236622
4.094208240509033 7.412479973354658
4.103915691375732 7.734441883279912
4.11359977722168 7.525227345844705
4.123259544372559 7.220744120776415
4.132894515991211 7.40851540000282
4.142506122589111 7.283354748114189
4.15209436416626 7.85453001931673
4.1616597175598145 6.81617068873366
4.171201705932617 7.033660906044563
4.180720806121826 7.383015935722213
4.1902174949646 7.033129805747671
4.1996917724609375 7.0118571364225755
4.209143161773682 7.06948959353635
4.218571662902832 7.274343922362681
4.227978706359863 7.411882599845929
4.237363338470459 7.388283263627626
4.2467265129089355 6.607869841354436
4.256067752838135 6.729050395194524
4.265387535095215 6.9968870421067795
4.274686336517334 7.069031272419743
4.283963203430176 6.2437926158471955
4.29321813583374 6.292802881233855
4.302452564239502 6.60462449867407
4.311666488647461 5.89164892825035
4.320859432220459 7.68754252841939
4.330031871795654 6.884124226241903
4.339183807373047 6.235550366580709
4.3483147621154785 5.954553636602534
4.357425212860107 6.9160748740734155
4.366514682769775 7.193286565045999
4.375583648681641 6.594518366117958
4.3846330642700195 5.991246735767377
4.393661975860596 6.868734810973309
4.4026713371276855 5.476726226512012
4.411661148071289 6.322042471495398
4.4206318855285645 6.5846470710089715
4.429583549499512 6.069396008757091
4.438514709472656 6.071689695489528
4.447427272796631 5.702827342077685
4.4563212394714355 5.665801332303027
4.465196132659912 5.789766336962348
4.474052429199219 5.939707093100105
4.482889175415039 6.611524296515323
4.491707801818848 6.030459378998883
4.5005083084106445 5.345547298564341
4.50929069519043 5.743344138258299
4.5180535316467285 6.686734967024718
4.526798725128174 5.075468772841129
4.535526275634766 4.830553811632984
4.544236183166504 4.99899495829928
4.552927494049072 5.823308912005636
4.561600685119629 5.608801445109584
4.570257186889648 4.367749157665092
4.5788960456848145 5.129991500474969
4.587516784667969 5.355283818558251
4.596120357513428 5.704007342179263
4.604709148406982 5.822996842781353
4.613279342651367 4.666096866623919
4.621832847595215 3.8748951474859576
4.630370140075684 4.672483604646221
4.638889789581299 5.263028261822091
4.647392272949219 4.415997439920478
4.65587854385376 4.254271833566611
4.66434907913208 5.329322613047418
4.6728010177612305 5.551919665594594
4.681237697601318 3.6963443507767435
4.689658164978027 nan
4.698061466217041 nan
4.706449031829834 nan
4.714820861816406 nan
4.723176002502441 nan
4.731515407562256 nan
4.73983907699585 nan
4.7481465339660645 nan
4.756438255310059 nan
4.764715194702148 nan
4.772975444793701 4.030290335002057
4.781220436096191 3.81949259587171
4.7894511222839355 3.859770315514878
4.797665119171143 3.528822466456993
4.805864334106445 4.062753757980341
4.814048767089844 5.017771065880715
4.822216987609863 5.164808136855663
4.830370903015137 5.189580441511607
4.838508605957031 5.119232636062967
4.846631050109863 4.404826768737672
4.854739189147949 3.716828863895183
4.8628315925598145 4.267359223713145
4.870910167694092 3.785379934009174
4.878973960876465 4.113321798494102
4.887022972106934 6.606368202633251
4.8950581550598145 3.1554135774297896
4.903078079223633 3.0231840125213725
4.911084175109863 4.505389758863972
4.919076442718506 3.889283240784546
4.927053928375244 4.397419199171207
4.9350175857543945 4.280635423247405
4.942966938018799 4.025319813284894
4.950902462005615 5.3381112899293335
4.958824634552002 5.327894778706718
4.966732025146484 6.299364709345901
4.974626541137695 5.253518061576438
4.982506275177002 3.745226851962313
4.990373134613037 5.290328298030521
4.998226165771484 4.430526675032361
5.006065845489502 5.260665202954345
5.01389217376709 5.160129189570561
5.021704196929932 3.9858313920516713
5.029504299163818 4.120061464002835
5.037290096282959 5.615206387973949
5.045063018798828 5.5273334366199425
5.052822589874268 5.350675389814539
5.0605692863464355 4.23116169381752
5.068303108215332 5.266708791181128
5.076024532318115 4.814228811875613
5.083733081817627 4.641921633806375
5.091428279876709 2.9188306499415484
5.099111080169678 3.9576174401302584
5.106780529022217 5.01338796829955
5.114438533782959 4.871524670084427
5.122082233428955 4.865938277265489
5.1297149658203125 4.586756383929517
5.137333869934082 5.058898080370002
5.144941329956055 3.348353307264146
5.152535438537598 nan
5.160118103027344 2.9871858998632295
5.16768741607666 nan
5.17524528503418 2.6243348520351337
5.182790756225586 5.166795875560549
5.190323829650879 2.208390034897198
5.197844982147217 nan
5.2053542137146 4.429810687960426
5.212851047515869 4.561725508532712
5.220336437225342 4.405638961774307
5.227809429168701 5.296996674228095
5.235270977020264 5.340974874907001
5.242720603942871 6.233508667260612
5.250158786773682 5.443948709801574
5.257584571838379 nan
5.2649993896484375 4.998465588099371
5.272401809692383 3.704621971039132
5.279793739318848 4.384287708806558
5.287173271179199 nan
