Wavelength(um) Flux(uJy) Error(uJy)
0.6067556142807007 0.07337858343512088 0.05330722967433532
0.6111966371536255 0.12024433289603181 0.055618177149814735
0.6157302856445312 0.08949706482686583 0.04878016302517345
0.6203600168228149 0.2664452955159531 0.055061446004542006
0.625092089176178 0.3080525171784263 0.046098997087773715
0.6299285292625427 0.3121062353835099 0.04462979691691268
0.634869396686554 0.09848098783902876 0.04202474860888461
0.6399180889129639 0.26770070144778146 0.045018656042880745
0.645078182220459 0.10265595898053548 0.04578663465809448
0.6503554582595825 0.15418869470762475 0.039541782677979045
0.6557567715644836 0.18503809249411002 0.039562305410953465
0.6612820029258728 0.0917307815250258 0.03694396774677209
0.6669345498085022 0.23002703295455726 0.03417680912340245
0.6727177500724792 0.349152099659122 0.03461889069654334
0.6786348223686218 0.26669052423146944 0.03300169378689202
0.6846890449523926 0.17228610619285994 0.03182925928291153
0.6908949613571167 0.42232551675222185 0.03899225164696921
0.6972581148147583 0.3394579586931905 0.0284315863311523
0.7037699818611145 0.38021534477152014 0.027702214093914924
0.7104354500770569 0.29153288811493827 0.02566882132064694
0.7172863483428955 0.413785989481449 0.025698881294355477
0.7242967486381531 0.4458364336483491 0.0250437516204859
0.7314887046813965 0.5338541903184826 0.02448499993149255
0.7388662695884705 0.5027835241240022 0.026435984582715885
0.746430516242981 0.5091081131233872 0.024377590900881898
0.7541941404342651 0.5476889196408619 0.024145776701024683
0.7621619701385498 0.6074109026564336 0.024511828945582556
0.7703294157981873 0.6276945801116339 0.023988830365622694
0.7787298560142517 0.6027182337685442 0.023979200252562293
0.8146011829376221 0.9514265268426443 0.02535835665945673
0.8241833448410034 1.0135834819614928 0.02406236491900788
0.8340234160423279 1.059524658090139 0.02595731487004509
0.8441269397735596 1.1265531526872197 0.02722327455123083
0.8545023202896118 1.0728025096034663 0.026095001701483128
0.8651565313339233 1.2351642040609367 0.027700341138808985
0.876101016998291 1.2571595352140001 0.026899421969037142
0.8873430490493774 1.4412290317453618 0.027249741417801027
0.898881196975708 1.4798818522281725 0.026619507365816725
0.910719633102417 1.4764498472442864 0.026446364326030897
0.922882080078125 1.6077563104346164 0.027470103374082486
0.9353504180908203 1.7251749744489882 0.027228497923237293
0.9481494426727295 1.7582752918717448 0.027216591504852252
0.9612654447555542 1.877922789238512 0.026649949401243805
0.9747152328491211 2.070335056454779 0.027248953167844887
0.9884958863258362 2.2780824173555745 0.028119361419162797
1.0026065111160278 2.2676020776297845 0.027107038129396698
1.0170491933822632 2.394439870129412 0.0279997532464723
1.0318244695663452 2.5733916711986238 0.027838212193611225
1.0469309091567993 2.7832828020724074 0.028798611184890556
1.0623654127120972 3.025102143362014 0.028887952468752785
1.078121304512024 3.2796887361319667 0.028435744660962218
1.0941916704177856 3.3204632964890965 0.028941122220577296
1.1105719804763794 3.574685176285339 0.031151256036701873
1.127260684967041 3.833858229162187 0.031124805924592894
1.1442434787750244 3.9505910142410334 0.02961654862766643
1.1615101099014282 4.077404273576343 0.030021658283130446
1.179054617881775 4.165113600618017 0.030617308172769774
1.1968597173690796 4.526753232553982 0.032245165418542006
1.233209490776062 4.661264915595444 0.03332449967311275
1.308457851409912 5.998279216689134 0.03647921939022044
1.3277322053909302 6.1211209007891805 0.036425754382889516
1.347152829170227 6.226942840026101 0.03667131128637621
1.366703987121582 6.693554403301723 0.03792630806157782
1.3863705396652222 6.834291530854685 0.04076429532286818
1.4061371088027954 7.052625307307689 0.04089071485629705
1.4259892702102661 nan 0.04079968254676623
1.44591224193573 nan 0.03989372038476606
1.4658924341201782 6.673279227477561 0.04146665373088888
1.4859164953231812 7.0890517775894075 0.044488860702207395
1.5059717893600464 7.164712158814583 0.046780588111571715
1.5260456800460815 7.563104198693894 0.0471205990540796
1.5661202669143677 7.532629597834364 0.04757562150041298
1.5861159563064575 7.830334203692996 0.05035140614052861
1.6060903072357178 8.02893896501102 0.05056032034560192
1.6260344982147217 8.15516775938531 0.05080171406282091
1.645940899848938 8.15106016170041 0.05380043815511726
1.6658021211624146 8.76220016396772 0.05718709872014158
1.685611605644226 9.102960479686505 0.05790022524080594
1.7053632736206055 9.216078702654336 0.05602472430772908
1.7250514030456543 9.30554423598072 0.059305485986461924
1.7446712255477905 9.556240785711593 0.06175339308481807
1.7642189264297485 9.496784622590315 0.06131739493430127
1.783697247505188 9.247137471161004 0.06251030952244657
1.803108811378479 9.907036404689924 0.0642699933808492
1.841676950454712 10.00026553896826 0.06291613689447502
1.860828161239624 10.559784616804915 0.06980131240920387
1.879887342453003 10.675228437646034 0.07099642025771065
1.8988523483276367 10.699015697764407 0.06955395635599787
1.9177223443984985 10.944369602758256 0.07100268482486097
1.9364959001541138 11.37286351819309 0.07196665602608274
1.9737484455108643 11.624289899415528 0.07319716672515757
1.9922256469726562 11.737505882529508 0.07616341850184287
2.0106048583984375 11.489244274682463 0.07611826441486823
2.028890371322632 11.374551442375859 0.07621264569866595
2.0470762252807617 11.717976454323102 0.07572137825855275
2.065162181854248 11.659904472797386 0.07936072436243617
2.0831456184387207 12.133569505973536 0.08011953352214389
2.10102915763855 12.171441856077148 0.07917492916163332
2.118812084197998 12.195459541006226 0.08133411672967622
2.1364943981170654 12.413814987635995 0.08337705187912718
2.1540775299072266 12.20544241411315 0.08257788340346142
2.171560764312744 12.671049582342448 0.08482545654004091
2.1889455318450928 12.310863271735958 0.08521751665899853
2.2062318325042725 12.770505404123927 0.08797479978942505
2.2234203815460205 12.550795263293402 0.08429467388437444
2.2575061321258545 12.563133988726062 0.0865615987284912
2.2744052410125732 12.945475438527037 0.08996616129626632
2.291208267211914 13.301385012174041 0.09043460430281895
2.307917833328247 13.145170935862318 0.09042880073171096
2.324535608291626 12.674515895027254 0.08915103597008411
2.341059684753418 13.169076738135779 0.09444972406854106
2.3574931621551514 13.294608378283383 0.09329793262644002
2.3738369941711426 13.383001867624692 0.09689863002545496
2.3900911808013916 13.753389947748001 0.09667884147236597
2.4062559604644775 13.582996155645958 0.09414407782902662
2.4223337173461914 13.483386550200237 0.09360002876733237
2.4383251667022705 13.640110254430343 0.09495652912699881
2.4542312622070312 13.244198932452413 0.09387140940539804
2.470052719116211 13.195929883253067 0.09581125328719572
2.4857981204986572 12.0970996466658 0.09776599244457798
2.5014774799346924 12.668281333278454 0.09629224540261949
2.5170745849609375 12.904897456999791 0.09507677852702368
2.532590389251709 13.014551687728279 0.09715742278078326
2.548025369644165 13.14143673963314 0.09983226402290526
2.5633809566497803 12.928650258892684 0.09936073935098447
2.578657388687134 12.682650041932538 0.09776622738525242
2.5938560962677 12.251566596786613 0.09776153806380396
2.608977794647217 12.651961523176446 0.1010348101197992
2.624022960662842 13.013217975039883 0.1038271122515654
2.63899302482605 12.847434033958585 0.10639151155383626
2.653888702392578 13.251238702329015 0.10314187204260394
2.668710708618164 12.597717954541505 0.10427722066416517
2.683459758758545 12.404896802325823 0.10030313124130535
2.698137044906616 12.500121542817034 0.10463356157123792
2.7127416133880615 12.908887581900714 0.10529639932167406
2.741711139678955 12.943858894425146 0.107738875497119
2.7560908794403076 13.367341147829073 0.11106075690959849
2.7704029083251953 12.795558015044818 0.11611619752334983
2.7846484184265137 12.227823210857936 0.10950060088233857
2.7988269329071045 12.549045259463398 0.11356925601261708
2.8129401206970215 12.316074351485085 0.11616657864993647
2.826988935470581 12.10113025917541 0.12247492812162915
2.8409743309020996 12.530003765979938 0.11319626323482902
2.8548967838287354 12.756385499863647 0.11581325109939157
2.86875581741333 12.4755780497401 0.11652314279962106
2.8825531005859375 12.294464948020524 0.11489096852955724
2.896289825439453 11.794582175950726 0.11643144242781324
2.9099667072296143 12.067324359370577 0.11751633062435553
2.9235827922821045 11.439194157961754 0.11773720726160944
2.9371397495269775 11.984098192928954 0.12160700032050033
2.950639247894287 11.996389972458546 0.1190804860558451
2.9640824794769287 11.699202452481956 0.11849592921957362
2.9774675369262695 11.668870641322513 0.11606716641850652
2.9907968044281006 11.735779493714471 0.12295474972148379
3.004070281982422 11.752954748658238 0.12156789808293358
3.017287492752075 9.975126496954315 0.11302737814142
3.0304508209228516 8.922019410591169 0.10741436973538408
3.056614398956299 8.187227239917704 0.10901799174209222
3.069617509841919 8.159115779405543 0.11150284843481306
3.082566261291504 7.942751193712746 0.1071094070080998
3.0954644680023193 7.969305217187371 0.11416688344150212
3.1083104610443115 7.539223198872701 0.11222671534789587
3.121105909347534 7.965196966000166 0.11150481846729236
3.1338512897491455 8.379988102658642 0.10880840764164523
3.1465461254119873 7.406908277430544 0.1727011593299589
3.1591928005218506 8.144280204950533 0.1133385941546488
3.1717889308929443 8.254859953780018 0.11816735950161052
3.1843392848968506 8.185322952605443 0.11325701282203944
3.1968438625335693 8.159475825845067 0.11917879498348524
3.209303617477417 8.128517229459323 0.12145492890096926
3.221714496612549 8.02528292556272 0.1175073877739396
3.2340805530548096 7.892216820496463 0.12034810227980407
3.246399402618408 7.771956825729134 0.12339375884950252
3.2586734294891357 8.455765726430624 0.120140414646014
3.270901679992676 8.5853567735996 0.1241416500985431
3.283085584640503 8.515144222476021 0.12279650761508033
3.2952256202697754 8.52295298424372 0.12340490918159179
3.307321071624756 8.48211427899339 0.12465872198235736
3.3193740844726562 8.431371457052496 0.1252633319299221
3.3313827514648438 8.61953675423555 0.12412190275486461
3.3433496952056885 8.91933136531356 0.13151278418023615
3.3552744388580322 8.853120371911164 0.12937758546699038
3.367156744003296 9.205397579594113 0.13030157861881483
3.3789987564086914 9.081985606519055 0.13732253330123878
3.390798568725586 9.437774443156217 0.14008082256677637
3.4025580883026123 9.535283204049648 0.1396544892766583
3.4142777919769287 9.095206515083156 0.1398242826626412
3.4259541034698486 9.317761753794153 0.13909200214119485
3.4375884532928467 9.939312911572593 0.14204796095473887
3.4491844177246094 9.293685589717251 0.14022336532572535
3.460740327835083 nan 0.1432902266377038
3.4722583293914795 10.472257598442145 0.1476051902734153
3.483738899230957 10.125623930256172 0.15107285713171648
3.495181083679199 10.44977305096657 0.15230322657221687
3.5065853595733643 10.404303961119886 0.15046013604195801
3.517953395843506 10.973929316176518 0.15085071786742824
3.529284954071045 10.374926149986889 0.16719065353490448
3.540578842163086 10.778867903015431 0.1686588471033926
3.5518369674682617 11.040779757076715 0.15998090290041211
3.5630598068237305 10.981183780410282 0.15977994134123305
3.574247360229492 11.132364721157687 0.16054097357874036
3.5853986740112305 11.296260342401414 0.15625257542219687
3.59651517868042 10.761934802795489 0.1624329779217303
3.607597589492798 11.189090700361575 0.16399203915187666
3.618645668029785 10.928204539253962 0.1693942634446862
3.62965989112854 11.06955037266665 0.17177016894777877
3.640639543533325 11.44671985839885 0.1673213513662398
3.6515860557556152 11.179639187377479 0.16528869082446862
3.6625006198883057 11.015674306341477 0.16782405787436339
3.6733832359313965 11.009206940729838 0.1694695680226145
3.6842334270477295 10.781944598238905 0.1677140809656542
3.6950504779815674 11.255209231835414 0.16704372493206782
3.7058353424072266 11.64391772297466 0.1795309629659541
3.716588258743286 11.477714159343858 0.18854104973724148
3.7273099422454834 11.12810855079064 0.17953247468485825
3.7380001544952393 11.124680339665963 0.17979175760122326
3.748659372329712 11.400071506577149 0.1788079830107489
3.7592878341674805 11.188367655872199 0.18182922367498644
3.7698850631713867 11.125808234230938 0.1739236639808333
3.780451774597168 11.210215283164118 0.18432753864834267
3.7909884452819824 11.170251604275096 0.18011509954650903
3.8119723796844482 10.957664939258931 0.17717515707416695
3.8224198818206787 11.362847331387382 0.18742885997713704
3.832838296890259 10.902444397712294 0.19505412581987053
3.8432278633117676 11.259752718754585 0.19180506110195478
3.853588342666626 11.070573589148891 0.1897091036729467
3.8639204502105713 10.757492236119603 0.18092522174477593
3.8742241859436035 10.474762802916533 0.18925771514037001
3.8844995498657227 9.71455885071869 0.19161289140472945
3.8947489261627197 10.302659111338158 0.19587559203496396
3.904973030090332 10.162768377951517 0.20473504409841117
3.9151694774627686 11.059808104059297 0.18790068675878813
3.9253387451171875 10.373879576657181 0.19682779804098782
3.935480833053589 10.78922850678375 0.20132791845778056
3.9455957412719727 11.0170801648821 0.19786359227987557
3.955683946609497 10.512086915270874 0.2009195175210636
3.965745687484741 10.224131872750473 0.20415568472686751
3.975780725479126 9.994361243084915 0.22400011866571826
3.9857897758483887 9.787794064088006 0.20148101426043025
3.99577260017395 10.119761325091883 0.20002061146342306
4.005729675292969 10.56107997949534 0.20606510083708768
4.015660762786865 9.800931692236764 0.20681304098433959
4.025566577911377 11.297075996390667 0.2052391268555921
4.035447120666504 10.260412827441183 0.21316005455277273
4.045302391052246 10.56821091705524 0.21306420120416908
4.055132865905762 10.08172337488756 0.2104499080749782
4.064938545227051 10.382262755676734 0.2187277629584933
4.074719429016113 9.606073292066938 0.2185589331838465
4.084475994110107 10.494710818465645 0.21065530488283585
4.094208240509033 9.490099758808109 0.21742014326869313
4.103915691375732 9.47011128029429 0.21643073287877718
4.11359977722168 9.591525816139852 0.22507705192666047
4.123259544372559 9.3549242439979 0.2195161782385109
4.132894515991211 9.942136718864475 0.21971425112668505
4.142506122589111 10.011476449854277 0.2639591660359676
4.15209436416626 10.044282654971717 0.2272248785299649
4.1616597175598145 8.876003684382233 0.2132272569301062
4.171201705932617 9.512441877732495 0.22645369844338717
4.180720806121826 9.13383427037088 0.24776806747401872
4.1902174949646 8.948368613991207 0.22735788261497666
4.1996917724609375 8.697073116112204 0.24398925681621841
4.209143161773682 8.699753984817379 0.23420593257960826
4.218571662902832 8.43957869744641 0.24986040837852827
4.227978706359863 9.552290959726268 0.2291010226843984
4.237363338470459 9.382757079398838 0.2343587189834643
4.2467265129089355 8.33273173648437 0.2393554394072246
4.256067752838135 8.460511078859959 0.2342557778505549
4.265387535095215 8.75101296790871 0.23844581040298227
4.274686336517334 8.621359923860503 0.24263656482281998
4.283963203430176 8.374349832252983 0.2451102979314905
4.29321813583374 8.399724448685845 0.2832139443381147
4.302452564239502 7.858859787934776 0.2397445999158803
4.311666488647461 7.620643890877064 0.24091011915774257
4.320859432220459 8.912879761588753 0.2499012023718528
4.330031871795654 8.066855854406604 0.24616201502526364
4.339183807373047 7.650363340962899 0.24477758691722593
4.3483147621154785 7.29952835125652 0.25021094733567806
4.357425212860107 8.590428055713081 0.24823045106452835
4.366514682769775 8.585442081268372 0.3850908810581666
4.375583648681641 7.811741499696476 0.24620410813925686
4.3846330642700195 7.050618389899435 0.2677715383749452
4.393661975860596 8.235073637340026 0.25533286772232583
4.4026713371276855 7.135121882364625 0.2641058019491189
4.411661148071289 7.589884022287279 0.2613636922862498
4.4206318855285645 8.032161278669154 0.2584006072485295
4.429583549499512 6.902841584686573 0.2631240520454434
4.438514709472656 7.209304633286674 0.2598181199470944
4.447427272796631 7.620127888989751 0.26648643720794485
4.4563212394714355 7.659113152303761 0.2611592083112542
4.465196132659912 6.887688064090622 0.2701239510064339
4.474052429199219 6.722275416153812 0.2669609403487265
4.482889175415039 7.74865425807082 0.3433165902955725
4.491707801818848 7.112220557881406 0.2689104887894804
4.5005083084106445 6.195873285108481 0.2718522940209705
4.50929069519043 6.748032486517234 0.2685542109901616
4.5180535316467285 7.408825818177541 0.27000625064380457
4.526798725128174 5.774144932554031 0.2665712426252452
4.535526275634766 5.199247209188718 0.27429643998616604
4.544236183166504 5.830176931056286 0.2767195935690082
4.552927494049072 6.105767395833007 0.28684715590649157
4.561600685119629 6.392342052242958 0.287758680403177
4.570257186889648 5.376760645410366 0.31798140417966014
4.5788960456848145 5.950943854935444 0.2860918114918642
4.587516784667969 6.279692388903197 0.2964896305523105
4.596120357513428 5.893168080023269 0.30346065185538224
4.604709148406982 6.520491325011093 0.2902739604287924
4.613279342651367 5.611096308176827 0.29135013052621034
4.621832847595215 4.409824035900342 0.29922212788295904
4.630370140075684 5.313730325684209 0.2967299512042087
4.638889789581299 6.166668629093361 0.29896286556645313
4.647392272949219 5.176682024248631 0.31194680993198953
4.65587854385376 4.220383501045606 0.31437857763187554
4.66434907913208 5.986380365443262 0.32046803175397326
4.6728010177612305 6.194654081828273 0.31353824858836443
4.681237697601318 4.8521352929735215 0.3111448085840933
4.689658164978027 5.675670895298083 0.3243232165716773
4.698061466217041 5.696661510697111 0.31456034258225807
4.706449031829834 6.035433541145092 0.3280151935375503
4.714820861816406 5.544836055660223 0.3115197820030241
4.723176002502441 6.552308719894669 0.3196669752897935
4.731515407562256 5.392105424974785 0.32068884653145774
4.73983907699585 4.7682833849197905 0.3414220440047176
4.7481465339660645 5.278097807222663 0.33194766295877465
4.756438255310059 5.636806566342468 0.33167230653476526
4.764715194702148 6.164458906737973 0.3434047024676653
4.772975444793701 5.062490898129998 0.35523641761319774
4.781220436096191 4.430973308129462 0.3943308522974019
4.7894511222839355 4.556494808059501 0.3402388408983902
4.797665119171143 3.9273271670057013 0.3483570395906436
4.805864334106445 4.683008110148126 0.3412539893833941
4.814048767089844 6.02874552225452 0.38737720742699583
4.822216987609863 6.109642173295271 0.36361534115468513
4.830370903015137 5.480442233227171 0.34491893149742764
4.838508605957031 5.731564181852029 0.3659834130294404
4.846631050109863 4.5983903790644245 0.3592949959401399
4.854739189147949 4.168695512778869 0.3555483840564102
4.8628315925598145 4.824983084504702 0.36515078922665145
4.870910167694092 4.737631932550148 0.36291982125363564
4.878973960876465 4.046270746400504 0.3766914558872331
4.887022972106934 6.3185654350326015 0.38692237430027887
4.8950581550598145 3.7254167175299595 0.39801026813841967
4.903078079223633 4.699306510759227 0.3840124637310978
4.911084175109863 3.7426827648003087 0.3839203352527502
4.919076442718506 3.7117881314126233 0.3863854729709428
4.927053928375244 4.703214953520512 0.39828514710656243
4.9350175857543945 5.800749167728384 0.406673071965976
4.942966938018799 5.187318409873356 0.41057058485757975
4.950902462005615 6.33660010520196 0.4325617433934633
4.958824634552002 5.362391443295959 0.4097685543141819
4.966732025146484 7.013101784767466 0.4019602713245336
4.974626541137695 4.877071001757881 0.4240612777464482
4.982506275177002 3.7554480397950476 0.41042739017915036
4.990373134613037 5.882741526539714 0.41787093391514113
4.998226165771484 4.8664509756903005 0.4138219855615479
5.006065845489502 5.31349639706603 0.4345936361832006
5.01389217376709 5.624387394984027 0.5348854129105639
5.021704196929932 4.480345315442674 0.45820793758251693
5.029504299163818 3.9596725234248034 0.4814583986855271
5.037290096282959 6.199828349127169 0.4961219206848562
5.045063018798828 5.417029386987494 0.44926899978105533
5.052822589874268 6.50110340301617 0.4490991018912593
5.0605692863464355 3.7189330397885287 0.45343499816864097
5.068303108215332 6.047529357176767 0.4656931192443902
5.076024532318115 4.8772409287924425 0.4732193309421483
5.083733081817627 4.215746538834946 0.49892850200844546
5.091428279876709 2.123268164601677 0.47209218109080137
5.099111080169678 4.0679838977542495 0.47767150643632794
5.106780529022217 5.8794669373474875 0.5246781579846069
5.114438533782959 4.986584582350462 0.5056616096562687
5.122082233428955 4.780431676663627 0.5104066159376689
5.1297149658203125 5.357210628029183 0.5102432205996533
5.137333869934082 5.794411545766009 0.5268838226371615
5.144941329956055 4.642925325201567 0.5416318954492745
5.152535438537598 5.360896516743551 0.5259245751959764
5.160118103027344 3.5303012864301033 0.522489355607055
5.16768741607666 5.093696748513711 0.5489726993916609
5.17524528503418 3.776178077395534 0.561691475818835
5.182790756225586 4.373786796901573 0.5396175501603762
5.190323829650879 nan 0.5441801958113524
5.197844982147217 nan 0.5708623648018774
5.2053542137146 4.016738214496971 0.5384700492073159
5.212851047515869 5.410366206590341 0.5406348315956252
5.220336437225342 4.761744643387207 0.5710115180787314
5.227809429168701 nan 0.5722442985861181
5.235270977020264 nan 0.559774654639008
5.242720603942871 nan 0.5768812755263218
5.250158786773682 5.856684723498529 0.5733378109675136
5.257584571838379 4.140720884628012 0.5582937448122139
5.2649993896484375 4.625346134330316 0.5773776922282117
5.272401809692383 3.750222512401952 0.5851076644173846
5.279793739318848 5.562022788559204 0.5819905361378017
5.287173271179199 nan 0.6245022612587591
