Wavelength(um) Flux(uJy) Error(uJy)
0.6067556142807007 -0.05300405538757409
0.6111966371536255 0.10223436957777318
0.6157302856445312 0.06520884990633836
0.6203600168228149 0.10507609766651983
0.625092089176178 0.21873106180033056
0.6299285292625427 0.08959348122967113
0.634869396686554 -0.014642613762436668
0.6399180889129639 0.08713503631909657
0.645078182220459 -0.030732108060217266
0.6503554582595825 0.010129872266669388
0.6557567715644836 0.009334895138491882
0.6612820029258728 0.03404487829832456
0.6669345498085022 0.036796225156909966
0.6727177500724792 0.09118331675519063
0.6786348223686218 0.0026293539399303597
0.6846890449523926 -0.041701669629360075
0.6908949613571167 0.13773964967801922
0.6972581148147583 0.08735569779959686
0.7037699818611145 0.0981362488810314
0.7104354500770569 0.037559381377265784
0.7172863483428955 0.04802470316605775
0.7242967486381531 0.09072709554744224
0.7314887046813965 0.1856023957073687
0.7388662695884705 0.11638341149220448
0.746430516242981 0.09234463037262447
0.7541941404342651 0.12363551997200072
0.7621619701385498 0.10405883622448074
0.7703294157981873 0.11203813612402075
0.7787298560142517 0.047258410602363264
0.8146011829376221 0.1961105829664059
0.8241833448410034 nan
0.8340234160423279 0.20316325054669568
0.8441269397735596 0.23471380194752198
0.8545023202896118 0.10308799265112797
0.8651565313339233 0.2442029090314967
0.876101016998291 0.20128602082668745
0.8873430490493774 0.2895849057136219
0.898881196975708 0.2574216867829933
0.910719633102417 0.2763364082034371
0.922882080078125 0.3380861194225232
0.9353504180908203 0.37682953819741655
0.9481494426727295 0.36368335019003145
0.9612654447555542 0.38487311652934103
0.9747152328491211 0.3856377391319931
0.9884958863258362 0.4620126806062451
1.0026065111160278 0.44667596097404205
1.0170491933822632 0.4759004927692171
1.0318244695663452 0.5822374549356065
1.0469309091567993 0.5457532619632939
1.0623654127120972 0.6334382218248665
1.078121304512024 0.7530918533221271
1.0941916704177856 0.7342926439793589
1.1105719804763794 0.7896022685727138
1.127260684967041 0.8103427185249134
1.1442434787750244 0.8395013262834042
1.1615101099014282 0.8430177281221067
1.179054617881775 0.9164980898268132
1.1968597173690796 1.0105637983413271
1.233209490776062 1.0043844702613514
1.308457851409912 1.3009229424505846
1.3277322053909302 1.374708874597742
1.347152829170227 1.3972622815740599
1.366703987121582 1.4579001694982143
1.3863705396652222 1.5613696650521554
1.4061371088027954 1.6819184040058823
1.4259892702102661 1.599339014234089
1.44591224193573 1.6616756073793668
1.4658924341201782 1.6517405906033324
1.4859164953231812 1.8831077408616235
1.5059717893600464 1.8576502015034848
1.5260456800460815 2.071959379052379
1.5661202669143677 1.9698843538840114
1.5861159563064575 2.036770740874862
1.6060903072357178 2.164098235584088
1.6260344982147217 2.122394550967489
1.645940899848938 2.1271072181283914
1.6658021211624146 2.3650614722390872
1.685611605644226 2.483259851583351
1.7053632736206055 2.4269204769142387
1.7250514030456543 2.429143888191204
1.7446712255477905 2.560208538778518
1.7642189264297485 2.5027510302242004
1.783697247505188 2.5700139900306183
1.803108811378479 2.761785569545742
1.841676950454712 2.6677340685222073
1.860828161239624 2.7849517977468334
1.879887342453003 2.842724045606243
1.8988523483276367 2.868078934151997
1.9177223443984985 2.9139032315833897
1.9364959001541138 3.0820481842303775
1.9737484455108643 3.025506988154841
1.9922256469726562 3.0922285456219196
2.0106048583984375 3.1119133617340893
2.028890371322632 3.1394346383527205
2.0470762252807617 3.1573204166622233
2.065162181854248 3.2906997143289916
2.0831456184387207 3.160828323772581
2.10102915763855 3.3097662910292436
2.118812084197998 3.3365060333249383
2.1364943981170654 3.4295741807024456
2.1540775299072266 3.455200097203644
2.171560764312744 3.514172079461256
2.1889455318450928 3.293586526193099
2.2062318325042725 3.630530689423331
2.2234203815460205 3.4760111348208587
2.2575061321258545 3.708961020599597
2.2744052410125732 3.6928082847466306
2.291208267211914 3.847775071221467
2.307917833328247 3.718162429766284
2.324535608291626 3.802481596983309
2.341059684753418 3.769631188660623
2.3574931621551514 3.8722459600203933
2.3738369941711426 3.6966007719824665
2.3900911808013916 3.963497233067648
2.4062559604644775 3.863748054592032
2.4223337173461914 3.9972109851369964
2.4383251667022705 3.857293339178879
2.4542312622070312 3.728425768314691
2.470052719116211 3.838207809000401
2.4857981204986572 3.870534041641411
2.5014774799346924 nan
2.5170745849609375 nan
2.532590389251709 nan
2.548025369644165 nan
2.5633809566497803 nan
2.578657388687134 nan
2.5938560962677 nan
2.608977794647217 nan
2.624022960662842 nan
2.63899302482605 nan
2.653888702392578 4.132501186320438
2.668710708618164 4.0733623961952805
2.683459758758545 4.004234842259997
2.698137044906616 4.15793740187919
2.7127416133880615 4.4615890779645975
2.741711139678955 4.097525658930266
2.7560908794403076 4.2799206120517646
2.7704029083251953 4.234036421177431
2.7846484184265137 4.267368268407015
2.7988269329071045 4.208675067441514
2.8129401206970215 4.139801375415871
2.826988935470581 4.280137596811941
2.8409743309020996 4.517330955092928
2.8548967838287354 4.36318760854547
2.86875581741333 4.364683324464375
2.8825531005859375 4.150399986376436
2.896289825439453 4.385022628121428
2.9099667072296143 4.288359313707172
2.9235827922821045 3.924757416374884
2.9371397495269775 4.059330213716413
2.950639247894287 4.316965459373188
2.9640824794769287 4.354977235278089
2.9774675369262695 4.302869704154641
2.9907968044281006 4.247489851176383
3.004070281982422 4.362502588482502
3.017287492752075 3.979035066367865
3.0304508209228516 3.9112231003985016
3.056614398956299 4.101102801072608
3.069617509841919 3.9584017326162115
3.082566261291504 3.88916061383702
3.0954644680023193 3.8708069347293943
3.1083104610443115 3.9126469053406536
3.121105909347534 4.057751614262657
3.1338512897491455 4.439956993713888
3.1465461254119873 3.852821739810706
3.1591928005218506 4.212072951857348
3.1717889308929443 4.208712904676718
3.1843392848968506 4.441696223341912
3.1968438625335693 4.111909391691397
3.209303617477417 3.993386338834692
3.221714496612549 3.978269886962705
3.2340805530548096 3.967335194478242
3.246399402618408 4.010145882363163
3.2586734294891357 4.168996690884297
3.270901679992676 4.450714499514475
3.283085584640503 4.342930576552797
3.2952256202697754 3.9475032678503092
3.307321071624756 4.411887897524771
3.3193740844726562 4.049672981893743
3.3313827514648438 4.221860131320637
3.3433496952056885 4.226318823980409
3.3552744388580322 4.2428590565725335
3.367156744003296 4.238102968307029
3.3789987564086914 4.070889433394448
3.390798568725586 4.549738244606254
3.4025580883026123 4.1206744972139004
3.4142777919769287 3.749409038814178
3.4259541034698486 4.159651454107293
3.4375884532928467 4.210326285599017
3.4491844177246094 3.8072300671149053
3.460740327835083 4.247087422394608
3.4722583293914795 4.624783862548284
3.483738899230957 3.9759013582815643
3.495181083679199 4.149734744979738
3.5065853595733643 4.124109446215159
3.517953395843506 4.235787914547015
3.529284954071045 4.170269725302455
3.540578842163086 4.223432493010109
3.5518369674682617 4.27048013936194
3.5630598068237305 4.249537373958768
3.574247360229492 4.413035801423906
3.5853986740112305 4.579897180738157
3.59651517868042 4.374614887287528
3.607597589492798 4.60299430077316
3.618645668029785 3.9034627414780774
3.62965989112854 3.93718723335644
3.640639543533325 4.596182776108444
3.6515860557556152 4.291711226270707
3.6625006198883057 4.374214274787476
3.6733832359313965 4.280919210668036
3.6842334270477295 4.146508106836131
3.6950504779815674 4.319694470353276
3.7058353424072266 4.592575347683733
3.716588258743286 4.402929582204437
3.7273099422454834 3.8588477138033244
3.7380001544952393 4.52916879106096
3.748659372329712 4.409453464510524
3.7592878341674805 4.400397701759983
3.7698850631713867 3.964462260766014
3.780451774597168 4.17051573149856
3.7909884452819824 4.283191623867829
3.8119723796844482 4.3307415188946115
3.8224198818206787 4.525782499939222
3.832838296890259 4.168004662104611
3.8432278633117676 4.608569803620963
3.853588342666626 4.125762791912747
3.8639204502105713 4.070730609225898
3.8742241859436035 4.120065891530462
3.8844995498657227 3.667426252887081
3.8947489261627197 3.994874087525695
3.904973030090332 3.9182429215220296
3.9151694774627686 3.9851799230990355
3.9253387451171875 4.283398421910883
3.935480833053589 3.9525254766866786
3.9455957412719727 4.6560939000693455
3.955683946609497 3.9714267649747654
3.965745687484741 3.9068312269629297
3.975780725479126 3.6968093964700284
3.9857897758483887 3.9640115193139738
3.99577260017395 4.261472846226965
4.005729675292969 4.157370248115889
4.015660762786865 3.9736347175394404
4.025566577911377 4.715921193851355
4.035447120666504 4.42592447119343
4.045302391052246 4.434514733007202
4.055132865905762 4.050056450326466
4.064938545227051 4.393178747542635
4.074719429016113 3.4828652911627165
4.084475994110107 4.523093430840062
4.094208240509033 4.184710871299448
4.103915691375732 4.138997201531619
4.11359977722168 3.8776989154221497
4.123259544372559 3.7110082563557234
4.132894515991211 4.069517845026042
4.142506122589111 4.118658100212109
4.15209436416626 4.7471103958591385
4.1616597175598145 3.7849289443011687
4.171201705932617 3.913486684885562
4.180720806121826 4.027019992644195
4.1902174949646 3.8189529003709874
4.1996917724609375 3.922592565511695
4.209143161773682 3.9406036887218026
4.218571662902832 4.141094817613229
4.227978706359863 4.584996015354345
4.237363338470459 4.202539502683392
4.2467265129089355 3.7743498728192435
4.256067752838135 3.7202143917047654
4.265387535095215 4.160886817652603
4.274686336517334 4.011437088150191
4.283963203430176 3.474650653526221
4.29321813583374 3.1539802691412384
4.302452564239502 3.9285872464197706
4.311666488647461 3.533918575724893
4.320859432220459 4.8224702348919415
4.330031871795654 4.304060519950119
4.339183807373047 4.148425944468384
4.3483147621154785 3.6112906375498572
4.357425212860107 4.497512376309816
4.366514682769775 4.631652316404999
4.375583648681641 4.0416008129239245
4.3846330642700195 3.6328004247324035
4.393661975860596 4.635649546939679
4.4026713371276855 3.839416623178722
4.411661148071289 4.171838321386219
4.4206318855285645 4.481182063458561
4.429583549499512 3.7213133868118793
4.438514709472656 3.87267870568484
4.447427272796631 4.02553510110187
4.4563212394714355 3.9482062972115117
4.465196132659912 3.6121338136021195
4.474052429199219 3.7094441285522213
4.482889175415039 4.793257828088414
4.491707801818848 4.072369728184812
4.5005083084106445 3.5767446598435364
4.50929069519043 4.153150089877762
4.5180535316467285 5.255586079114348
4.526798725128174 3.1617313093367625
4.535526275634766 3.1375876561602127
4.544236183166504 3.086755922248047
4.552927494049072 4.034087966883634
4.561600685119629 3.543021203407001
4.570257186889648 2.8160466663900943
4.5788960456848145 3.4852430761920394
4.587516784667969 3.920392811719222
4.596120357513428 4.010423792521418
4.604709148406982 4.554835425880244
4.613279342651367 2.636973958514334
4.621832847595215 2.2434826089430806
4.630370140075684 3.024142223149924
4.638889789581299 3.8910967140649957
4.647392272949219 3.122037852800171
4.65587854385376 2.4719674859864353
4.66434907913208 4.002118839577812
4.6728010177612305 4.229642508371592
4.681237697601318 2.5516577062016705
4.689658164978027 3.4949800141187986
4.698061466217041 3.4341107033698335
4.706449031829834 4.45085445156902
4.714820861816406 3.739312936754606
4.723176002502441 3.9211519312081196
4.731515407562256 3.4774909423096925
4.73983907699585 3.2925048111692172
4.7481465339660645 3.084312977544859
4.756438255310059 3.6695981064663394
4.764715194702148 3.8826508114665783
4.772975444793701 3.1784927262287668
4.781220436096191 2.6808011965733343
4.7894511222839355 3.049378449996683
4.797665119171143 2.1339244032934106
4.805864334106445 2.4502005860895393
4.814048767089844 3.8999090926142976
4.822216987609863 3.7799050543764605
4.830370903015137 3.9724721365645146
4.838508605957031 3.8703707502594167
4.846631050109863 3.3369552181338418
4.854739189147949 2.430236897473852
4.8628315925598145 2.99409561085716
4.870910167694092 2.962392164215458
4.878973960876465 2.346954064542601
4.887022972106934 4.532029841423383
4.8950581550598145 2.488878163655316
4.903078079223633 1.6568105212225515
4.911084175109863 3.4231201313303594
4.919076442718506 2.6781670940819717
4.927053928375244 3.3424352498670955
4.9350175857543945 3.456610087576438
4.942966938018799 3.207649413525329
4.950902462005615 4.9485187014878855
4.958824634552002 4.229600129721295
4.966732025146484 4.708339971559536
4.974626541137695 4.3415252390371215
4.982506275177002 2.6133840554692074
4.990373134613037 4.758577266024033
4.998226165771484 3.304607816500262
5.006065845489502 3.5819617861902606
5.01389217376709 3.9240042631237935
5.021704196929932 2.9528817576701574
5.029504299163818 2.940159724189183
5.037290096282959 4.057226503178296
5.045063018798828 4.650678666052026
5.052822589874268 3.570233473222801
5.0605692863464355 2.828617347648376
5.068303108215332 4.011572530220143
5.076024532318115 3.1688165741603953
5.083733081817627 3.135233196968481
5.091428279876709 2.1300524396485354
5.099111080169678 3.6420258350506636
5.106780529022217 4.547091047201157
5.114438533782959 3.222571919986512
5.122082233428955 3.3880958636696583
5.1297149658203125 4.410301476319238
5.137333869934082 3.466000138677805
5.144941329956055 2.3954535732718267
5.152535438537598 3.939422489062279
5.160118103027344 1.5686684235464396
5.16768741607666 3.914671140792644
5.17524528503418 2.08193038274131
5.182790756225586 3.790420515287559
5.190323829650879 0.8117421921896675
5.197844982147217 nan
5.2053542137146 2.7300703184073685
5.212851047515869 nan
5.220336437225342 3.43688925089859
5.227809429168701 3.581911613047622
5.235270977020264 4.108693166009665
5.242720603942871 4.460114861741133
5.250158786773682 4.610949042025561
5.257584571838379 2.0677210438103293
5.2649993896484375 3.4416862717973586
5.272401809692383 nan
5.279793739318848 3.233765503882487
5.287173271179199 2.7455943311840803
