1.12610 5.519750e+00
1.12790 5.473673e+00
1.12960 5.427457e+00
1.13130 5.386001e+00
1.13310 5.339126e+00
1.13480 5.295052e+00
1.13650 5.253472e+00
1.13830 5.208963e+00
1.14000 5.166121e+00
1.14170 5.121056e+00
1.14340 5.083037e+00
1.14520 5.039863e+00
1.14690 5.001733e+00
1.14860 4.962300e+00
1.15040 4.923861e+00
1.15210 4.886141e+00
1.15380 4.847119e+00
1.15560 4.807212e+00
1.15730 4.769758e+00
1.15900 4.737291e+00
1.16080 4.696065e+00
1.16250 4.660515e+00
1.16420 4.624345e+00
1.16600 4.589924e+00
1.16770 4.556502e+00
1.16940 4.524646e+00
1.17120 4.490722e+00
1.17290 4.460121e+00
1.17460 4.427969e+00
1.17630 4.397215e+00
1.17810 4.365392e+00
1.17980 4.336829e+00
1.18150 4.306631e+00
1.18330 4.275238e+00
1.18500 4.249713e+00
1.18670 4.220469e+00
1.18850 4.194734e+00
1.19020 4.171081e+00
1.19190 4.143658e+00
1.19370 4.119058e+00
1.19540 4.094562e+00
1.19710 4.070224e+00
1.19890 4.046729e+00
1.20060 4.023656e+00
1.20230 4.000913e+00
1.20400 3.978855e+00
1.20580 3.958252e+00
1.20750 3.938739e+00
1.20920 3.919401e+00
1.21100 3.896492e+00
1.21270 3.878315e+00
1.21440 3.861219e+00
1.21620 3.844191e+00
1.21790 3.826534e+00
1.21960 3.809911e+00
1.22140 3.792991e+00
1.22310 3.780436e+00
1.22480 3.765207e+00
1.22660 3.751462e+00
1.22830 3.737961e+00
1.23000 3.726452e+00
1.23180 3.715285e+00
1.23350 3.703103e+00
1.23520 3.692341e+00
1.23690 3.680944e+00
1.23870 3.673142e+00
1.24040 3.663540e+00
1.24210 3.654464e+00
1.24390 3.645783e+00
1.24560 3.641081e+00
1.24730 3.633384e+00
1.24910 3.627011e+00
0.25080 3.622105e+00
0.25250 3.617266e+00
0.25430 3.614357e+00
0.25600 3.609408e+00
0.25770 3.607204e+00
0.25950 3.605164e+00
0.26120 3.604542e+00
0.26290 3.601974e+00
0.26460 3.602312e+00
0.26640 3.602745e+00
0.26810 3.605075e+00
0.26980 3.605566e+00
0.27160 3.606904e+00
0.27330 3.609669e+00
0.27500 3.612282e+00
0.27680 3.617172e+00
0.27850 3.620151e+00
0.28020 3.626244e+00
0.28200 3.632104e+00
0.28370 3.638941e+00
0.28540 3.644932e+00
0.28720 3.652215e+00
0.28890 3.660379e+00
0.29060 3.670867e+00
0.29240 3.681574e+00
0.29410 3.690111e+00
0.29580 3.699957e+00
0.29750 3.711146e+00
0.29930 3.723451e+00
0.30100 3.736442e+00
0.30270 3.748599e+00
0.30450 3.763080e+00
0.30620 3.777341e+00
0.30790 3.789736e+00
0.30970 3.807763e+00
0.31140 3.821354e+00
0.31310 3.835687e+00
0.31490 3.855151e+00
0.31660 3.870810e+00
0.31830 3.889751e+00
0.32010 3.910205e+00
0.32180 3.928947e+00
0.32350 3.947568e+00
0.32530 3.970119e+00
0.32700 3.992389e+00
0.32870 4.011908e+00
0.33040 4.033825e+00
0.33220 4.057517e+00
0.33390 4.080821e+00
0.33560 4.103090e+00
0.33740 4.130520e+00
0.33910 4.155103e+00
0.34080 4.182984e+00
0.34260 4.207571e+00
0.34430 4.235274e+00
0.34600 4.262665e+00
0.34780 4.293141e+00
0.34950 4.320384e+00
0.35120 4.347316e+00
0.35300 4.378423e+00
0.35470 4.406878e+00
0.35640 4.437270e+00
0.35810 4.465101e+00
0.35990 4.501791e+00
0.36160 4.533600e+00
0.36330 4.565764e+00
0.36510 4.600580e+00
0.36680 4.635389e+00
0.36850 4.670091e+00
0.37030 4.704024e+00
0.37200 4.740314e+00
0.37370 4.773546e+00
0.37550 4.810930e+00
0.37720 4.847889e+00
0.37890 4.885457e+00
0.38070 4.925004e+00
0.38240 4.962880e+00
0.38410 4.999813e+00
0.38590 5.040291e+00
0.38760 5.081586e+00
0.38930 5.122987e+00
0.39100 5.160172e+00
0.39280 5.202054e+00
0.39450 5.242138e+00
0.39620 5.283068e+00
0.39800 5.327680e+00
0.39970 5.369735e+00
0.40140 5.410737e+00
0.40320 5.455888e+00
0.40490 5.499033e+00
0.40660 5.542784e+00
0.41260 5.694315e+00
0.41430 5.740586e+00
0.41610 5.789313e+00
0.41780 5.836774e+00
0.41950 5.882526e+00
0.42130 5.931702e+00
0.42300 5.977884e+00
0.42470 6.021753e+00
0.42640 6.068801e+00
0.42820 6.117770e+00
0.43160 6.212726e+00
0.43340 6.266238e+00
0.43510 6.313050e+00
0.43680 6.362444e+00
0.43860 6.415575e+00
0.44030 6.467974e+00
0.44380 6.569426e+00
0.44550 6.616930e+00
0.44720 6.662892e+00
0.44900 6.715672e+00
0.45070 6.761141e+00
0.45240 6.814969e+00
0.45410 6.865043e+00
0.45760 6.971630e+00
0.45930 7.024366e+00
0.46110 7.080471e+00
0.46280 7.133589e+00
0.46450 7.182705e+00
0.46630 7.237010e+00
0.46800 7.290060e+00
0.46970 7.337587e+00
0.47150 7.391348e+00
0.47320 7.442487e+00
0.47490 7.492434e+00
0.47670 7.548001e+00
0.47840 7.601051e+00
0.48010 7.652314e+00
0.48190 7.710256e+00
0.48360 7.762289e+00
0.48530 7.812659e+00
0.48700 7.865069e+00
0.48880 7.921189e+00
0.49050 7.975201e+00
0.49220 8.028223e+00
0.49400 8.081432e+00
0.49570 8.129909e+00
0.49740 8.182892e+00
0.49920 8.242812e+00
0.50090 8.293296e+00
0.50260 8.344318e+00
0.50440 8.400100e+00
0.50610 8.452517e+00
0.50780 8.502533e+00
0.50960 8.556186e+00
0.51130 8.605116e+00
0.51300 8.659800e+00
0.51470 8.709014e+00
0.51650 8.765683e+00
0.51820 8.812836e+00
0.51990 8.868807e+00
0.52170 8.920836e+00
0.52340 8.970407e+00
0.52510 9.020721e+00
0.52690 9.079546e+00
0.52860 9.130530e+00
0.53030 9.179880e+00
0.53210 9.232034e+00
0.53380 9.281666e+00
0.53550 9.329754e+00
0.53730 9.380811e+00
0.53900 9.428298e+00
0.54070 9.475471e+00
0.54250 9.526105e+00
0.54420 9.580733e+00
0.54590 9.629002e+00
0.54760 9.674482e+00
0.54940 9.731750e+00
0.55110 9.775934e+00
0.55280 9.821274e+00
0.55460 9.873284e+00
0.55630 9.920764e+00
0.55800 9.968946e+00
0.55980 1.001637e+01
0.56150 1.006208e+01
0.56320 1.011095e+01
0.56500 1.015964e+01
0.56670 1.020424e+01
0.56840 1.025328e+01
0.57020 1.030082e+01
0.57190 1.034458e+01
0.57360 1.039024e+01
0.57540 1.043581e+01
0.57710 1.047695e+01
0.57880 1.052412e+01
0.58050 1.056644e+01
0.58230 1.061570e+01
0.58400 1.065624e+01
0.58570 1.069813e+01
0.58750 1.074180e+01
0.58920 1.078305e+01
0.59090 1.082407e+01
0.59270 1.086813e+01
0.59440 1.090866e+01
0.59610 1.095016e+01
0.59790 1.099137e+01
0.59960 1.103081e+01
0.60130 1.107513e+01
0.60310 1.111603e+01
0.60480 1.115505e+01
0.60650 1.119307e+01
0.60820 1.123482e+01
0.61000 1.127394e+01
0.61170 1.130837e+01
0.61340 1.134728e+01
0.61690 1.142400e+01
0.61860 1.145942e+01
0.62210 1.153008e+01
0.62380 1.156516e+01
0.62560 1.160472e+01
0.62730 1.163728e+01
0.62900 1.167141e+01
0.63080 1.170485e+01
0.63250 1.174218e+01
0.63420 1.177307e+01
0.63600 1.180667e+01
0.63770 1.184082e+01
0.63940 1.186986e+01
0.64110 1.189918e+01
0.64290 1.193189e+01
0.64460 1.196286e+01
0.64630 1.199168e+01
0.64810 1.202595e+01
0.64980 1.205615e+01
0.65150 1.208773e+01
0.65330 1.211628e+01
0.65500 1.214549e+01
0.65670 1.217459e+01
0.65850 1.220361e+01
0.66020 1.222868e+01
0.66190 1.225622e+01
0.66370 1.228294e+01
0.66540 1.231089e+01
0.66710 1.233662e+01
0.66880 1.236393e+01
0.67060 1.239044e+01
0.67230 1.242025e+01
0.67400 1.244349e+01
0.67580 1.246669e+01
0.67750 1.249401e+01
0.67920 1.251199e+01
0.68100 1.253615e+01
0.68270 1.255857e+01
0.68620 1.260361e+01
0.68790 1.262632e+01
0.68960 1.265030e+01
0.69140 1.267313e+01
0.69310 1.269314e+01
0.69480 1.271204e+01
0.69830 1.275081e+01
0.70000 1.276797e+01
0.70170 1.278934e+01
0.70350 1.281357e+01
0.70520 1.283497e+01
0.70690 1.284886e+01
0.70870 1.286624e+01
0.71600 1.293270e+01
0.71770 1.294541e+01
0.71940 1.295807e+01
0.72120 1.297260e+01
0.72290 1.298741e+01
0.72460 1.299812e+01
0.72640 1.301692e+01
0.72810 1.302796e+01
0.72980 1.304267e+01
0.73160 1.305372e+01
0.73330 1.306416e+01
0.73500 1.308082e+01
0.73680 1.309231e+01
0.73850 1.310484e+01
0.74020 1.311320e+01
0.74200 1.312339e+01
0.74370 1.313231e+01
0.74710 1.315064e+01
0.74890 1.315651e+01
0.75060 1.316330e+01
0.75230 1.317461e+01
0.75410 1.318356e+01
0.75580 1.318749e+01
0.75750 1.319248e+01
0.75930 1.319814e+01
0.76100 1.320581e+01
0.76270 1.320896e+01
0.76450 1.321408e+01
0.76620 1.321435e+01
0.76790 1.321419e+01
0.76970 1.321891e+01
0.77140 1.322303e+01
0.77310 1.322500e+01
0.77490 1.322306e+01
0.77660 1.322624e+01
0.77830 1.322633e+01
0.78000 1.322724e+01
0.78180 1.323151e+01
0.78350 1.323183e+01
0.78520 1.323526e+01
0.78700 1.323283e+01
0.78870 1.323118e+01
0.79220 1.322745e+01
0.79390 1.322537e+01
0.79560 1.322241e+01
0.79740 1.321514e+01
0.79910 1.320538e+01
0.80080 1.320228e+01
0.80260 1.319697e+01
0.80430 1.319494e+01
0.80780 1.318129e+01
0.81120 1.316464e+01
0.81290 1.315521e+01
0.81470 1.314663e+01
0.81640 1.313788e+01
0.81810 1.312808e+01
0.81990 1.311954e+01
0.82160 1.311021e+01
0.82330 1.310384e+01
0.82510 1.308917e+01
0.82680 1.308233e+01
0.82850 1.306570e+01
0.83030 1.305183e+01
0.83200 1.303682e+01
0.83370 1.302228e+01
0.83550 1.300743e+01
0.83720 1.299404e+01
0.83890 1.297889e+01
0.84060 1.296359e+01
0.84240 1.294945e+01
0.84410 1.293046e+01
0.84580 1.291565e+01
0.84760 1.289803e+01
0.84930 1.288140e+01
0.85100 1.286255e+01
0.85280 1.283895e+01
0.85450 1.282095e+01
0.85620 1.280128e+01
0.85800 1.277740e+01
0.85970 1.275967e+01
0.86140 1.274075e+01
0.86320 1.271767e+01
0.86490 1.269615e+01
0.86660 1.267564e+01
0.86840 1.264882e+01
0.87010 1.262461e+01
0.87180 1.260365e+01
0.87350 1.257966e+01
0.87530 1.255359e+01
0.87700 1.252541e+01
0.87870 1.249688e+01
0.88050 1.247334e+01
0.88220 1.244652e+01
0.88390 1.241531e+01
0.88570 1.238809e+01
0.88740 1.235765e+01
0.88910 1.232926e+01
0.89090 1.230124e+01
0.89260 1.226680e+01
0.89430 1.223605e+01
0.89610 1.220432e+01
0.89780 1.217345e+01
0.89950 1.213929e+01
0.90120 1.210383e+01
0.90300 1.206902e+01
0.90470 1.203651e+01
0.90640 1.200168e+01
0.90820 1.196605e+01
0.90990 1.192938e+01
0.91160 1.189445e+01
0.91340 1.185678e+01
0.91510 1.182401e+01
0.91680 1.178670e+01
0.91860 1.174669e+01
0.92030 1.170821e+01
0.92200 1.166515e+01
0.92380 1.162503e+01
0.92550 1.158940e+01
0.92720 1.154936e+01
0.92900 1.150748e+01
0.93070 1.146729e+01
0.93240 1.142361e+01
0.93410 1.138009e+01
0.93590 1.133732e+01
0.93760 1.129355e+01
0.93930 1.124902e+01
0.94110 1.120631e+01
0.94450 1.111695e+01
0.94630 1.107054e+01
0.94800 1.102598e+01
0.94970 1.098354e+01
0.95150 1.093442e+01
0.95320 1.088662e+01
0.95490 1.084028e+01
0.95670 1.078728e+01
0.95840 1.073891e+01
0.96010 1.069393e+01
0.96180 1.064818e+01
0.96360 1.060013e+01
0.96530 1.055121e+01
0.96700 1.050199e+01
0.96880 1.045159e+01
0.97050 1.040363e+01
0.97220 1.035222e+01
0.97400 1.029677e+01
0.97570 1.024189e+01
0.97740 1.019298e+01
0.97920 1.014050e+01
0.98090 1.008880e+01
0.98260 1.003437e+01
0.98440 9.979671e+00
0.98610 9.928723e+00
0.98780 9.877693e+00
0.98960 9.821043e+00
0.99130 9.770123e+00
0.99300 9.716589e+00
0.99470 9.664358e+00
0.99650 9.608927e+00
0.99820 9.552448e+00
0.99990 9.501942e+00
1.00170 9.439915e+00
1.00340 9.381199e+00
1.00510 9.329316e+00
1.00690 9.276092e+00
1.00860 9.221505e+00
1.01030 9.161335e+00
1.01630 8.967023e+00
1.01800 8.913085e+00
1.01980 8.851833e+00
1.02150 8.796160e+00
1.02320 8.737428e+00
1.02500 8.677409e+00
1.02670 8.623429e+00
1.02840 8.568317e+00
1.03010 8.512348e+00
1.03190 8.456778e+00
1.03360 8.399224e+00
1.03530 8.341685e+00
1.03710 8.285248e+00
1.03880 8.227130e+00
1.04050 8.166642e+00
1.04230 8.107273e+00
1.04400 8.049649e+00
1.04570 7.990704e+00
1.04750 7.931221e+00
1.04920 7.871434e+00
1.05270 7.760841e+00
1.05440 7.709276e+00
1.05610 7.654422e+00
1.05780 7.597403e+00
1.05960 7.539322e+00
1.06130 7.481505e+00
1.06300 7.424661e+00
1.06480 7.363586e+00
1.06650 7.309616e+00
1.06820 7.253723e+00
1.07000 7.193836e+00
1.07170 7.138302e+00
1.07340 7.085054e+00
1.07520 7.026932e+00
1.07690 6.976730e+00
1.07860 6.922418e+00
1.08040 6.864363e+00
1.08210 6.811244e+00
1.08380 6.756628e+00
1.08560 6.697688e+00
1.08730 6.643140e+00
1.08900 6.592076e+00
1.09070 6.539543e+00
1.09250 6.487037e+00
1.09420 6.435677e+00
1.09590 6.382059e+00
1.09770 6.327634e+00
1.09940 6.277062e+00
1.10110 6.227042e+00
1.10290 6.170498e+00
1.10460 6.122029e+00
1.10630 6.073349e+00
1.10810 6.021014e+00
1.10980 5.972876e+00
1.11150 5.925873e+00
1.11330 5.869725e+00
1.11500 5.823126e+00
1.11670 5.774572e+00
1.11850 5.727212e+00
1.12020 5.679767e+00
1.12190 5.631919e+00
1.12360 5.585320e+00
1.12540 5.537835e+00
1.12710 5.493686e+00
1.12880 5.448532e+00
1.13060 5.401671e+00
1.13230 5.360364e+00
1.13400 5.315362e+00
1.13580 5.270615e+00
1.13750 5.228420e+00
1.13920 5.185194e+00
1.14100 5.139469e+00
1.14270 5.099160e+00
1.14440 5.058260e+00
1.14620 5.016901e+00
1.14790 4.979013e+00
1.14960 4.940807e+00
1.15130 4.904001e+00
1.15310 4.863460e+00
1.15480 4.824164e+00
1.15650 4.786733e+00
1.15830 4.750481e+00
1.16000 4.711072e+00
1.16170 4.675855e+00
1.16350 4.639633e+00
1.16520 4.605057e+00
1.16690 4.572396e+00
1.16870 4.538215e+00
1.17040 4.505401e+00
1.17210 4.474805e+00
1.17390 4.442621e+00
1.17560 4.410168e+00
1.17730 4.378783e+00
1.17910 4.346600e+00
1.18080 4.320373e+00
1.18250 4.288145e+00
1.18600 4.232022e+00
1.18770 4.206107e+00
1.18940 4.181364e+00
1.19120 4.153904e+00
1.19290 4.128541e+00
1.19460 4.106810e+00
1.19640 4.080169e+00
1.19810 4.058130e+00
1.19980 4.033287e+00
1.20160 4.010864e+00
1.20330 3.988489e+00
1.20500 3.966381e+00
1.20680 3.947620e+00
1.20850 3.928535e+00
1.21020 3.907349e+00
1.21190 3.887118e+00
1.21370 3.868377e+00
1.21540 3.850819e+00
1.21710 3.835028e+00
1.21890 3.817896e+00
1.22060 3.801823e+00
1.22230 3.786844e+00
1.22410 3.771575e+00
1.22580 3.757732e+00
1.22750 3.743731e+00
1.22930 3.730544e+00
1.23100 3.720892e+00
1.23270 3.709049e+00
1.23620 3.684364e+00
1.23790 3.676304e+00
1.23970 3.667422e+00
1.24140 3.657680e+00
1.24310 3.649174e+00
1.24480 3.643465e+00
1.24660 3.636605e+00
1.24830 3.629209e+00
0.25000 3.624089e+00
0.25180 3.618432e+00
0.25350 3.615094e+00
0.25520 3.611745e+00
0.25700 3.608063e+00
0.25870 3.605019e+00
0.26040 3.604512e+00
0.26220 3.602763e+00
0.26390 3.601011e+00
0.26560 3.602655e+00
0.26740 3.604779e+00
0.26910 3.605834e+00
0.27080 3.605875e+00
0.27250 3.607335e+00
0.27430 3.611604e+00
0.27600 3.615173e+00
0.27770 3.619595e+00
0.27950 3.624808e+00
0.28120 3.630089e+00
0.28290 3.635888e+00
0.28470 3.641973e+00
0.28640 3.648749e+00
0.28810 3.656552e+00
0.28990 3.666684e+00
0.29330 3.686295e+00
0.29510 3.695130e+00
0.29680 3.706341e+00
0.29850 3.718326e+00
0.30030 3.730622e+00
0.30200 3.744925e+00
0.30370 3.756416e+00
0.30540 3.771289e+00
0.30720 3.783022e+00
0.31060 3.814028e+00
0.31240 3.829654e+00
