1.260999999999999899e-01 5.378496328231062051e+00 6.611296713637850042e-02
1.279000000000000137e-01 5.372830383704635615e+00 1.048831666952619868e-01
1.295999999999999930e-01 5.264844255431130549e+00 6.606976510218268150e-02
1.313000000000000000e-01 5.357960786907880468e+00 6.609835961247874370e-02
1.330999999999999961e-01 5.170161740006823159e+00 6.606516337073783940e-02
1.348000000000000032e-01 5.157269563569408355e+00 6.605892167974873608e-02
1.365000000000000102e-01 5.223947481104940671e+00 6.607694677859597687e-02
1.383000000000000063e-01 5.017905265929643477e+00 6.606064319375463956e-02
1.400000000000000133e-01 5.199607069993297692e+00 7.131205468646631407e-02
1.416999999999999926e-01 5.023473248995736995e+00 6.603677452936676517e-02
1.433999999999999997e-01 4.842328337762185519e+00 6.603826203870880041e-02
1.451999999999999957e-01 4.937260354741382251e+00 6.604221865169696004e-02
1.469000000000000028e-01 4.836920884065330384e+00 6.603489162539730173e-02
1.486000000000000099e-01 4.872599327882207731e+00 6.604497291061867115e-02
1.504000000000000059e-01 4.778282357560803995e+00 6.603722268688866359e-02
1.521000000000000130e-01 4.835494407621118818e+00 7.992709630491830197e-02
1.537999999999999923e-01 4.722339429232894403e+00 6.602241474682364608e-02
1.555999999999999883e-01 4.849534133600567287e+00 6.604163287734912680e-02
1.572999999999999954e-01 4.744808119951112069e+00 6.603434970355830103e-02
1.590000000000000024e-01 4.591463933564607025e+00 6.996686734662027618e-02
1.607999999999999985e-01 4.716934570644115254e+00 6.602531001419972845e-02
1.625000000000000056e-01 4.670894847697203645e+00 6.600681201934711917e-02
1.642000000000000126e-01 4.572913434905204966e+00 6.601926285830968244e-02
1.660000000000000087e-01 4.529542964371732872e+00 2.168153929449222750e-01
1.676999999999999880e-01 4.456124733407234473e+00 6.598915069974579939e-02
1.693999999999999950e-01 4.499255817068894991e+00 6.601060483443875471e-02
1.711999999999999911e-01 4.366027967396537868e+00 6.600014067940404572e-02
1.728999999999999981e-01 4.476913194605621982e+00 6.601681061214692559e-02
1.746000000000000052e-01 4.377841375371368748e+00 6.599705758099531916e-02
1.763000000000000123e-01 4.269534318834861786e+00 6.599148833537643588e-02
1.781000000000000083e-01 4.369642781012362143e+00 6.598561261831044356e-02
1.797999999999999876e-01 4.404136142543139343e+00 6.599132203251807660e-02
1.814999999999999947e-01 4.330388875362957357e+00 6.599035927234760124e-02
1.832999999999999907e-01 4.316780334527017260e+00 6.599269720504567782e-02
1.849999999999999978e-01 4.240430030255414096e+00 6.597583536836630624e-02
1.867000000000000048e-01 4.263351020239441347e+00 6.598608652690091114e-02
1.885000000000000009e-01 4.146912352906666932e+00 6.597963567206151236e-02
1.902000000000000079e-01 4.273820896707260175e+00 6.597693646671524970e-02
1.918999999999999873e-01 4.190858589416223801e+00 6.596971956963541828e-02
1.937000000000000111e-01 4.134427354267481647e+00 6.596725178487428121e-02
1.953999999999999904e-01 4.033988844311688027e+00 6.596160739166570530e-02
1.970999999999999974e-01 4.045530956022054703e+00 6.596648929710891007e-02
1.988999999999999935e-01 4.050088880332005203e+00 6.596185663956445622e-02
2.006000000000000005e-01 3.928109361375616171e+00 6.595960422491614628e-02
2.023000000000000076e-01 3.989504481276256342e+00 6.595081160092881867e-02
2.039999999999999869e-01 3.985662874936064526e+00 6.595670799911083904e-02
2.058000000000000107e-01 3.984673560890292787e+00 6.594871974744477561e-02
2.074999999999999900e-01 3.779011083471107924e+00 6.594171959250463844e-02
2.091999999999999971e-01 3.959715535827275978e+00 6.595685477119200835e-02
2.109999999999999931e-01 3.999859028267135574e+00 6.596531505944108753e-02
2.127000000000000002e-01 3.902219931312088441e+00 6.594712878300806880e-02
2.144000000000000072e-01 3.881226984880575603e+00 6.595047847979391975e-02
2.162000000000000033e-01 3.828651145001464862e+00 6.593556560921563781e-02
2.179000000000000103e-01 3.976612208102245916e+00 6.596255247869796390e-02
2.195999999999999897e-01 3.866768241572744014e+00 6.594359821482725925e-02
2.214000000000000135e-01 3.807313027659684046e+00 6.593622437472296260e-02
2.230999999999999928e-01 3.867344516560355938e+00 6.596776108344862277e-02
2.247999999999999998e-01 3.893440200715990951e+00 6.595909105279873508e-02
2.265999999999999959e-01 3.774635146965852339e+00 6.593734549286398017e-02
2.283000000000000029e-01 3.782485817293472330e+00 9.052569536117945070e-02
2.300000000000000100e-01 3.705970930386633277e+00 6.593610420995814347e-02
2.318000000000000060e-01 3.815884898776683798e+00 6.593431339968815197e-02
2.335000000000000131e-01 3.780049660539701151e+00 6.593493271252759413e-02
2.351999999999999924e-01 3.771622157352350957e+00 6.593010728527710917e-02
2.368999999999999995e-01 3.720695858004827272e+00 6.594067954823504274e-02
2.386999999999999955e-01 3.822962193530752728e+00 6.594959408460818184e-02
2.404000000000000026e-01 3.647936439948615384e+00 6.592720526120683655e-02
2.421000000000000096e-01 3.667430616962901624e+00 6.593724623770418070e-02
2.439000000000000057e-01 3.723239353686255360e+00 6.593046900459148540e-02
2.456000000000000127e-01 3.817847843165461441e+00 6.595107733462327038e-02
2.472999999999999921e-01 3.781601117799916256e+00 6.594196707135320523e-02
2.490999999999999881e-01 3.779473772596446679e+00 6.594133535597353213e-02
2.508000000000000229e-01 3.705052818474756204e+00 6.594222881033970363e-02
2.525000000000000022e-01 3.753349836910073289e+00 6.593602539678596053e-02
2.543000000000000260e-01 3.812774816811622003e+00 6.593658400174967626e-02
2.560000000000000053e-01 3.741879774435771022e+00 6.593603330260754125e-02
2.576999999999999846e-01 3.845608536998482485e+00 6.594724745422357592e-02
2.595000000000000084e-01 3.807024844023718657e+00 6.594386630878050493e-02
2.611999999999999877e-01 3.703004414333721073e+00 6.592652365139403670e-02
2.629000000000000226e-01 3.750832787810819635e+00 6.593391408881871252e-02
2.646000000000000019e-01 3.787522197694004777e+00 6.592617470513803535e-02
2.664000000000000257e-01 3.682493718566895780e+00 6.592731160063772244e-02
2.681000000000000050e-01 3.738607168929759528e+00 6.593250373477398119e-02
2.697999999999999843e-01 3.781831673052255205e+00 6.593111079750099690e-02
2.716000000000000081e-01 3.814413609508710667e+00 6.594502188126542819e-02
2.732999999999999874e-01 3.834565566421264116e+00 6.594635114890008698e-02
2.750000000000000222e-01 3.731098348555743183e+00 6.593671854053612114e-02
2.767999999999999905e-01 3.812495776659496460e+00 6.594876271391675315e-02
2.785000000000000253e-01 3.747112505037423436e+00 6.593530751182477556e-02
2.802000000000000046e-01 3.845174738509574031e+00 6.595120431919090920e-02
2.819999999999999729e-01 3.735669673286158954e+00 6.593572334451774930e-02
2.837000000000000077e-01 3.795202344184360310e+00 6.594672824792066623e-02
2.853999999999999870e-01 3.712590788093342642e+00 6.593210602634408390e-02
2.872000000000000108e-01 3.951584410699551242e+00 1.741898524089069700e-01
2.888999999999999901e-01 3.850255797847774719e+00 6.594353138842798390e-02
2.906000000000000250e-01 3.776717164604049159e+00 6.595216374324094910e-02
2.923999999999999932e-01 3.916661979632449331e+00 6.595813688179308354e-02
2.940999999999999726e-01 3.856909122294650327e+00 7.677837197032306993e-02
2.958000000000000074e-01 3.922131041647897387e+00 6.595249465029268121e-02
2.974999999999999867e-01 3.866977782161160171e+00 6.596372107173678612e-02
2.993000000000000105e-01 3.896737345381144912e+00 6.904581965441465574e-02
3.009999999999999898e-01 3.803512483214244622e+00 6.594171565857254169e-02
3.027000000000000246e-01 3.952760481014929272e+00 6.603289597459054139e-02
3.044999999999999929e-01 3.993079080823845661e+00 6.595903181688314576e-02
3.062000000000000277e-01 3.978203523229080218e+00 6.596425735143589264e-02
3.079000000000000070e-01 3.920336693395031435e+00 6.594739023567508518e-02
3.096999999999999753e-01 3.990022862217828425e+00 6.595376470793172519e-02
3.114000000000000101e-01 4.237247914739631582e+00 6.596860174264038146e-02
3.130999999999999894e-01 4.110390565449939082e+00 6.597105002220629566e-02
3.149000000000000132e-01 4.044762618051026770e+00 6.598085803996828203e-02
3.165999999999999925e-01 4.063757857358131886e+00 6.596240094096680884e-02
3.183000000000000274e-01 3.984575909528215387e+00 6.595758541485226278e-02
3.200999999999999956e-01 4.081567535092433197e+00 6.597104167488004878e-02
3.217999999999999750e-01 4.111963982358065373e+00 6.596241470799427131e-02
3.235000000000000098e-01 4.147523270167173592e+00 6.596131210717005866e-02
3.252999999999999781e-01 4.338609593270073894e+00 9.646778738312369872e-02
3.270000000000000129e-01 4.201869079995693035e+00 6.598451050994635914e-02
3.286999999999999922e-01 4.132953029131462230e+00 6.595639272129924513e-02
3.304000000000000270e-01 4.178128194452183308e+00 6.597522175431223823e-02
3.321999999999999953e-01 4.271078187042325780e+00 6.598412255736973986e-02
3.338999999999999746e-01 4.178596661170563387e+00 6.598778772202422427e-02
3.356000000000000094e-01 4.169977643125997169e+00 6.597738781288302323e-02
3.373999999999999777e-01 4.369562903698681389e+00 6.599453057045602533e-02
3.391000000000000125e-01 4.316138949310713180e+00 6.597953385392249515e-02
3.407999999999999918e-01 4.352202608144008167e+00 6.598594127331200432e-02
3.426000000000000156e-01 4.390812166508074377e+00 6.606888801317929716e-02
3.442999999999999949e-01 4.316426386070225441e+00 1.533845674989312013e-01
3.459999999999999742e-01 4.434872126074253629e+00 6.599422130789690810e-02
3.477999999999999980e-01 4.364601698198605106e+00 6.599611623791883097e-02
3.494999999999999774e-01 4.455984822214081653e+00 2.161414182392857319e-01
3.512000000000000122e-01 4.357373609977376105e+00 6.597929718598077864e-02
3.529999999999999805e-01 4.586285453722573457e+00 6.602454104949842528e-02
3.547000000000000153e-01 4.428745777967979969e+00 6.599885958614168380e-02
3.563999999999999946e-01 4.496755725083764865e+00 6.600713397889583500e-02
3.580999999999999739e-01 4.542810022691072369e+00 6.602668977530991301e-02
3.598999999999999977e-01 4.475933245734299959e+00 6.601697369018395822e-02
3.615999999999999770e-01 4.647706723340985668e+00 6.601690785618222201e-02
3.633000000000000118e-01 4.531929515952426435e+00 6.600444167926748651e-02
3.650999999999999801e-01 4.555655771582811653e+00 6.600840295881123254e-02
3.668000000000000149e-01 4.666745861390641181e+00 6.603148093530609997e-02
3.684999999999999942e-01 4.808823550330342478e+00 6.602777257213038320e-02
3.703000000000000180e-01 4.720688679740661087e+00 6.602815416098950507e-02
3.719999999999999973e-01 4.888350443224423358e+00 6.604766786395842304e-02
3.736999999999999766e-01 4.641714435075375178e+00 6.601369826419775655e-02
3.755000000000000004e-01 4.775105119052382108e+00 6.601898438347825193e-02
3.771999999999999797e-01 4.868644083025418290e+00 7.735488521871447531e-02
3.789000000000000146e-01 4.921578581221577764e+00 6.605003849544005545e-02
3.806999999999999829e-01 5.010264109284855216e+00 6.605804739983103802e-02
3.824000000000000177e-01 4.907257552678439438e+00 6.603929303503838777e-02
3.840999999999999970e-01 4.994264053047801077e+00 6.604997370134112200e-02
3.859000000000000208e-01 4.963928969315401396e+00 6.604494345295933155e-02
3.876000000000000001e-01 5.069133264487289736e+00 6.606397930119295436e-02
3.892999999999999794e-01 5.078059216433404188e+00 6.607297717259723313e-02
3.910000000000000142e-01 5.103559724932870800e+00 6.813991804944342923e-02
3.927999999999999825e-01 5.102999733469826715e+00 6.606287606226592113e-02
3.945000000000000173e-01 5.056895526651536521e+00 6.605831419756214018e-02
3.961999999999999966e-01 5.288691292357289520e+00 6.609370597100529265e-02
3.980000000000000204e-01 5.299024326618565262e+00 6.609202042601980409e-02
3.996999999999999997e-01 5.307223124864168362e+00 6.608441851708492243e-02
4.013999999999999790e-01 5.424419251016376897e+00 6.608495712142527234e-02
4.032000000000000028e-01 5.543543263135512156e+00 6.612213457686277884e-02
4.048999999999999821e-01 5.414317053918104250e+00 6.611205145378325210e-02
4.066000000000000170e-01 5.500959700324343338e+00 6.611311774993609836e-02
4.126000000000000223e-01 5.645101399528733133e+00 8.651223867840750203e-02
4.143000000000000016e-01 5.853357178781882553e+00 8.654563753682706362e-02
4.161000000000000254e-01 5.811782365010335738e+00 8.662177899802965542e-02
4.178000000000000047e-01 5.767829415013385308e+00 8.653643129899926678e-02
4.194999999999999840e-01 5.862938070594474027e+00 8.653552977378146938e-02
4.213000000000000078e-01 5.963480652854736164e+00 8.655593755698064162e-02
4.229999999999999871e-01 5.867514697391818856e+00 8.654414260148961258e-02
4.247000000000000219e-01 6.086975588045780761e+00 8.655543588615778605e-02
4.264000000000000012e-01 6.063816762429019569e+00 8.658028137756905440e-02
4.282000000000000250e-01 6.101538339011165490e+00 8.654657742725163638e-02
4.315999999999999837e-01 6.276416123503068434e+00 8.656401074048257482e-02
4.334000000000000075e-01 6.251284927202771513e+00 8.656735702019277556e-02
4.350999999999999868e-01 6.204590799366553888e+00 8.657512550529168627e-02
4.368000000000000216e-01 6.307367079069798876e+00 8.657276093895982516e-02
4.385999999999999899e-01 6.379526912079537482e+00 8.659493710866816851e-02
4.403000000000000247e-01 6.442907636960445217e+00 8.659264672697909726e-02
4.437999999999999723e-01 6.516031198134980329e+00 8.658903354562400012e-02
4.455000000000000071e-01 6.501706039069241605e+00 8.658565729021837354e-02
4.471999999999999864e-01 6.417028819615006263e+00 8.670998097938951987e-02
4.490000000000000102e-01 6.625592690976811916e+00 8.661258157044966766e-02
4.506999999999999895e-01 6.719162158093046067e+00 8.661845345155784470e-02
4.524000000000000243e-01 6.676082483410619162e+00 1.017036815393860955e-01
4.541000000000000036e-01 6.757828408088742300e+00 1.938301193221584617e-01
4.576000000000000068e-01 6.763772693505757161e+00 8.660412637624997911e-02
4.592999999999999861e-01 6.993178379151178348e+00 8.663152206718612025e-02
4.611000000000000099e-01 6.979745534031272847e+00 8.665864174076880200e-02
4.627999999999999892e-01 7.085646496321365895e+00 8.663995945430570667e-02
4.645000000000000240e-01 7.047916163721181348e+00 8.665210028919187457e-02
4.662999999999999923e-01 7.245191947881624017e+00 8.666638231681372817e-02
4.680000000000000271e-01 7.222740288575677070e+00 8.666905829675082551e-02
4.697000000000000064e-01 7.275389259701594113e+00 8.666546192199028886e-02
4.714999999999999747e-01 7.344807379830046834e+00 8.666702355290985260e-02
4.732000000000000095e-01 7.312657409451921886e+00 8.667594282687628160e-02
4.748999999999999888e-01 7.353458725841866439e+00 8.667453373956834906e-02
4.767000000000000126e-01 7.432570417211606717e+00 8.670073001418825143e-02
4.783999999999999919e-01 7.663550010888706687e+00 8.670322030255613044e-02
4.801000000000000267e-01 7.748342140163272163e+00 8.672279671793543809e-02
4.818999999999999950e-01 7.712195782893068952e+00 8.671642399981749350e-02
4.835999999999999743e-01 7.709942287453103837e+00 8.673699970053280750e-02
4.853000000000000091e-01 7.845989372855783905e+00 8.931101922230201551e-02
4.869999999999999885e-01 7.810444277615833819e+00 8.675156728102965953e-02
4.888000000000000123e-01 7.810072248374017256e+00 8.671943799122085184e-02
4.904999999999999916e-01 7.924449259307023929e+00 8.678437593433915853e-02
4.922000000000000264e-01 7.837780321808347495e+00 8.672077003730672973e-02
4.939999999999999947e-01 7.948786569395622337e+00 8.674084933331735470e-02
4.956999999999999740e-01 8.057795821486603671e+00 8.676080929365119487e-02
4.974000000000000088e-01 8.165972018269263444e+00 8.676134583744481155e-02
4.991999999999999771e-01 8.078645679045097339e+00 8.676518823757711774e-02
5.009000000000000119e-01 8.161684304809933010e+00 8.676128328763717257e-02
5.026000000000000467e-01 8.312546168878778730e+00 8.677719558509222608e-02
5.043999999999999595e-01 8.372010997496445839e+00 8.679146317927358134e-02
5.060999999999999943e-01 8.291337457313325388e+00 8.678257709488490512e-02
5.078000000000000291e-01 8.306445448175944435e+00 8.777558766138955637e-02
5.096000000000000529e-01 8.371160448227978890e+00 8.677078290401075977e-02
5.112999999999999767e-01 8.498872960252958464e+00 8.682790407932834686e-02
5.130000000000000115e-01 8.305553506997874536e+00 8.678393979593740371e-02
5.147000000000000464e-01 8.414928200564736116e+00 8.680565645818245912e-02
5.164999999999999591e-01 8.676098220953326390e+00 8.682840551907555771e-02
5.181999999999999940e-01 8.557270517940382959e+00 8.680463072393444779e-02
5.199000000000000288e-01 8.737850906256294792e+00 8.683735433606365461e-02
5.217000000000000526e-01 8.766041715080307384e+00 1.923185516936846973e-01
5.233999999999999764e-01 9.030460794658276669e+00 8.688158510555139824e-02
5.251000000000000112e-01 8.886227247379514083e+00 8.687619858320305699e-02
5.269000000000000350e-01 8.817406625567661749e+00 8.685349978916312441e-02
5.285999999999999588e-01 9.112383860148467463e+00 8.697635357376791443e-02
5.302999999999999936e-01 9.039099351716556541e+00 8.689112866011823588e-02
5.321000000000000174e-01 9.194375404058414247e+00 8.697229218479275714e-02
5.338000000000000522e-01 9.124326733808764800e+00 8.690762652831668378e-02
5.354999999999999760e-01 9.178776013237319731e+00 8.691793526011482030e-02
5.372999999999999998e-01 9.198869253934589096e+00 8.692579881407705433e-02
5.390000000000000346e-01 9.262978745612544529e+00 8.691098743250505465e-02
5.406999999999999584e-01 9.123586076841840864e+00 8.689624379920847519e-02
5.424999999999999822e-01 9.247506599013171069e+00 8.692028783097048572e-02
5.442000000000000171e-01 9.574767840369277749e+00 8.693760326662261506e-02
5.459000000000000519e-01 9.604222295106458418e+00 8.697601212540408133e-02
5.475999999999999757e-01 9.667050857880429504e+00 8.699531259182272103e-02
5.493999999999999995e-01 9.690471063298007337e+00 8.697288734869657034e-02
5.511000000000000343e-01 9.749881768319708542e+00 2.399117445084486544e-01
5.527999999999999581e-01 9.730604203652697848e+00 8.700164414589052486e-02
5.545999999999999819e-01 9.977977122113880881e+00 8.700220532602404022e-02
5.563000000000000167e-01 9.845613580836969803e+00 8.699434790671647932e-02
5.580000000000000515e-01 1.004375436153458345e+01 8.703890888959250893e-02
5.597999999999999643e-01 9.854568904217792635e+00 2.352034265216282616e-01
5.614999999999999991e-01 9.888904118109049790e+00 8.700159550390462737e-02
5.632000000000000339e-01 1.005050557506823417e+01 8.701179770373027034e-02
5.649999999999999467e-01 1.013506148779853078e+01 8.704555085560526650e-02
5.666999999999999815e-01 9.977662910121326334e+00 8.700896811139516296e-02
5.684000000000000163e-01 1.016789641845659098e+01 8.704594492157595453e-02
5.702000000000000401e-01 1.033972301182581432e+01 8.708705597952758060e-02
5.718999999999999639e-01 1.039059220378826787e+01 8.709624446077807169e-02
5.735999999999999988e-01 1.012327633544644279e+01 9.515556714654296866e-02
5.754000000000000226e-01 1.051290841410981614e+01 8.710676643441871148e-02
5.770999999999999464e-01 1.040394067931064370e+01 2.086261676707005519e-01
5.787999999999999812e-01 1.045482975897231270e+01 8.710274731414133220e-02
5.805000000000000160e-01 1.056136556355060563e+01 8.709123581093503041e-02
5.823000000000000398e-01 1.054089008466180388e+01 8.709615330306653969e-02
5.839999999999999636e-01 1.083382624180271314e+01 8.717243869237371878e-02
5.856999999999999984e-01 1.064802144360857206e+01 8.711899143007267865e-02
5.875000000000000222e-01 1.069834813799218587e+01 8.711015934024242402e-02
5.891999999999999460e-01 1.070069406395860589e+01 8.714748788558848713e-02
5.908999999999999808e-01 1.080273698605866173e+01 8.715382499885612755e-02
5.927000000000000046e-01 1.086084918625929419e+01 8.718553595218725416e-02
5.944000000000000394e-01 1.097027852581090634e+01 8.717416282361514779e-02
5.960999999999999632e-01 1.078855329257127593e+01 8.713904186593782186e-02
5.978999999999999870e-01 1.113643966994802703e+01 9.363613950015181597e-02
5.996000000000000218e-01 1.100472615375108987e+01 8.734907864133797939e-02
6.012999999999999456e-01 1.106226891994277750e+01 8.719169659449996224e-02
6.030999999999999694e-01 1.104962252500676456e+01 8.717906090029484134e-02
6.048000000000000043e-01 1.119227780717739407e+01 8.720542238861878070e-02
6.065000000000000391e-01 1.112134432953392427e+01 8.719145076829064311e-02
6.081999999999999629e-01 1.119226133603033979e+01 8.717221969615303323e-02
6.099999999999999867e-01 1.124325504668389364e+01 8.724934972255665722e-02
6.117000000000000215e-01 1.132042147620986938e+01 8.724568214796780963e-02
6.133999999999999453e-01 1.140386869433819506e+01 8.724764361957332293e-02
6.169000000000000039e-01 1.148798634720653666e+01 8.724371266496712407e-02
6.186000000000000387e-01 1.156999914839991561e+01 8.731245369547105395e-02
6.220999999999999863e-01 1.143755620617370283e+01 8.722620813257053740e-02
6.238000000000000211e-01 1.157240427693131757e+01 8.725304998689024927e-02
6.256000000000000449e-01 1.170938497109692911e+01 8.733638476119762184e-02
6.272999999999999687e-01 1.160833929549520604e+01 8.730362825487082701e-02
6.290000000000000036e-01 1.148629156715243482e+01 8.723969989459560981e-02
6.308000000000000274e-01 1.146015340698630247e+01 8.723169238868583308e-02
6.324999999999999512e-01 1.163360383508402052e+01 8.730233546372730136e-02
6.341999999999999860e-01 1.172003913475264625e+01 8.731470611246450186e-02
6.360000000000000098e-01 1.181278504794939899e+01 8.752017770222032811e-02
6.377000000000000446e-01 1.183324152156254350e+01 8.735857154817888715e-02
6.393999999999999684e-01 1.187989554365475797e+01 8.731563037676379202e-02
6.411000000000000032e-01 1.190044565560475398e+01 8.731364761569920807e-02
6.429000000000000270e-01 1.196424942871573727e+01 8.735671009430899525e-02
6.445999999999999508e-01 1.187745662043720785e+01 8.731126107344165665e-02
6.462999999999999856e-01 1.209353682532299423e+01 8.733339382756878655e-02
6.481000000000000094e-01 1.214764650977893012e+01 8.740469769391179256e-02
6.498000000000000442e-01 1.221719279220435794e+01 8.740116005879555727e-02
6.514999999999999680e-01 1.213727889836133933e+01 8.738578224343343526e-02
6.532999999999999918e-01 1.219307891232680419e+01 8.736452453551328545e-02
6.550000000000000266e-01 1.231589791586091387e+01 8.736600542654725243e-02
6.566999999999999504e-01 1.208070867957039063e+01 8.738673146122101498e-02
6.584999999999999742e-01 1.229587799523196878e+01 8.758275606514216716e-02
6.602000000000000091e-01 1.225756749649855948e+01 8.740267540413719505e-02
6.619000000000000439e-01 1.229294981462512837e+01 8.808817708263674828e-02
6.636999999999999567e-01 1.224653324187611148e+01 8.744156711372182145e-02
6.653999999999999915e-01 1.221203103842841742e+01 8.739151402577943761e-02
6.671000000000000263e-01 1.238623407901866003e+01 8.744483899435107066e-02
6.687999999999999501e-01 1.251762042955473575e+01 8.745792992726154902e-02
6.705999999999999739e-01 1.239576262335087087e+01 8.737961578032482635e-02
6.723000000000000087e-01 1.228080142019718046e+01 8.739864883390670303e-02
6.740000000000000435e-01 1.229975905684694659e+01 8.743682671334675194e-02
6.757999999999999563e-01 1.231080463421506366e+01 8.738628608258502961e-02
6.774999999999999911e-01 1.238680568842948659e+01 8.740926201640766835e-02
6.792000000000000259e-01 1.230903949076242654e+01 8.738467606881378247e-02
6.810000000000000497e-01 1.230206930888637551e+01 8.738819422003434034e-02
6.826999999999999735e-01 1.249601932333978915e+01 8.755403987822107936e-02
6.862000000000000322e-01 1.245474904386886550e+01 8.738300534479399861e-02
6.878999999999999559e-01 1.253941120191095493e+01 8.743410082447701515e-02
6.895999999999999908e-01 1.225470664232958740e+01 8.737001434856762894e-02
6.914000000000000146e-01 1.254759938900000193e+01 8.744308601741433706e-02
6.931000000000000494e-01 1.255684314373577770e+01 8.749086871773045782e-02
6.947999999999999732e-01 1.277711514565953088e+01 8.749274540987561632e-02
6.983000000000000318e-01 1.264869918858657805e+01 2.467799277522987889e-01
6.999999999999999556e-01 1.266737040498281885e+01 8.742335649418221666e-02
7.016999999999999904e-01 1.288468948060483399e+01 8.746928709317826345e-02
7.035000000000000142e-01 1.274681166643702923e+01 8.746922258399263128e-02
7.052000000000000490e-01 1.255232128144795745e+01 8.742345079347951797e-02
7.068999999999999728e-01 1.260575392427353947e+01 8.741584456637870038e-02
7.086999999999999966e-01 1.286161067439296524e+01 8.752045437258097749e-02
7.159999999999999698e-01 1.300892822629165657e+01 9.509175230573892190e-02
7.177000000000000046e-01 1.290253940953977541e+01 9.505890846058005772e-02
7.194000000000000394e-01 1.288681664686827943e+01 9.501183960898777758e-02
7.211999999999999522e-01 1.317416544842149939e+01 9.513379729407094032e-02
7.228999999999999870e-01 1.304920787570964080e+01 9.508785885931171633e-02
7.246000000000000218e-01 1.273942702149917849e+01 9.503434095522193814e-02
7.264000000000000457e-01 1.309003369120226523e+01 9.509694805507040716e-02
7.280999999999999694e-01 1.315439259641513914e+01 9.511391520682899170e-02
7.298000000000000043e-01 1.297491902378296658e+01 9.504493029852270625e-02
7.316000000000000281e-01 1.295594752452539034e+01 2.120715652599477474e-01
7.332999999999999519e-01 1.297332672157596001e+01 9.507964484936330674e-02
7.349999999999999867e-01 1.312496172579602138e+01 9.508656304586361740e-02
7.368000000000000105e-01 1.321173461719200759e+01 2.136347573922290632e-01
7.385000000000000453e-01 1.336725209617060628e+01 9.512411036694769229e-02
7.401999999999999691e-01 1.337476787836987135e+01 9.511595503147426967e-02
7.419999999999999929e-01 1.346919184176900508e+01 9.518790452963189763e-02
7.437000000000000277e-01 1.322275340429689017e+01 1.045860021541086815e-01
7.470999999999999863e-01 1.345606576284660072e+01 9.517278443162670298e-02
7.489000000000000101e-01 1.317637783383216643e+01 9.510516363617896318e-02
7.506000000000000449e-01 1.344761306336484630e+01 9.517322593184089630e-02
7.522999999999999687e-01 1.347329817958261522e+01 9.513512778569586936e-02
7.540999999999999925e-01 1.334170755431386368e+01 9.514280985856063411e-02
7.558000000000000274e-01 1.320983449238127250e+01 9.513083133968891492e-02
7.574999999999999512e-01 1.321473103058983334e+01 9.508209875234192865e-02
7.592999999999999750e-01 1.348934178970612408e+01 9.515276501514122187e-02
7.610000000000000098e-01 1.327581672879458630e+01 1.373771243140186338e-01
7.627000000000000446e-01 1.324270377065090543e+01 9.512247114740771115e-02
7.644999999999999574e-01 1.352355025308521519e+01 1.319418034680455987e-01
7.661999999999999922e-01 1.333006765662901394e+01 9.512326419370695230e-02
7.679000000000000270e-01 1.324741764085430518e+01 9.511505142798509782e-02
7.697000000000000508e-01 1.335143244787440153e+01 9.515881945244619722e-02
7.713999999999999746e-01 1.320171448317125140e+01 9.509538523337804361e-02
7.731000000000000094e-01 1.326498281128502477e+01 9.513365401903638163e-02
7.749000000000000332e-01 1.327256279440768338e+01 9.511870373871200712e-02
7.765999999999999570e-01 1.318518331984028613e+01 9.507260213802021243e-02
7.782999999999999918e-01 1.306030157226070365e+01 9.504432463961971778e-02
7.800000000000000266e-01 1.327576981457882077e+01 9.511313861610223852e-02
7.818000000000000504e-01 1.325304817110495392e+01 9.513988270180387397e-02
7.834999999999999742e-01 1.329326020478230852e+01 9.508646847324821183e-02
7.852000000000000091e-01 1.314307119963588022e+01 9.504856022462045140e-02
7.870000000000000329e-01 1.326272288962305268e+01 9.511230302434731110e-02
7.886999999999999567e-01 1.331083304504680420e+01 9.512599751447205210e-02
7.922000000000000153e-01 1.343738896008827410e+01 9.516668601341413125e-02
7.939000000000000501e-01 1.337486959100169415e+01 9.513615437885469817e-02
7.955999999999999739e-01 1.315861138800739560e+01 9.508487703991137796e-02
7.973999999999999977e-01 1.328212581260318537e+01 9.514644919951224800e-02
7.991000000000000325e-01 1.323018441255590005e+01 9.517221347195915782e-02
8.007999999999999563e-01 1.299060288997433688e+01 9.505844690614966008e-02
8.025999999999999801e-01 1.305107513377005723e+01 9.507376366885524066e-02
8.043000000000000149e-01 1.303373659299571052e+01 9.515695483170161229e-02
8.077999999999999625e-01 1.319904990521500388e+01 9.510132206322480242e-02
8.112000000000000322e-01 1.315069556389114602e+01 9.512026849845284238e-02
8.128999999999999559e-01 1.321622514983072527e+01 9.515584209865732279e-02
8.146999999999999797e-01 1.315246725748114720e+01 9.508694085231864102e-02
8.164000000000000146e-01 1.331975152313980537e+01 9.510670057351534867e-02
8.181000000000000494e-01 1.340896124878234374e+01 9.514834737755331617e-02
8.198999999999999622e-01 1.329048346033478012e+01 9.515941352581608337e-02
8.215999999999999970e-01 1.324345155081380021e+01 9.510495493771151110e-02
8.233000000000000318e-01 1.323775917489421694e+01 9.509906282971340719e-02
8.250999999999999446e-01 1.293073995793464626e+01 9.503869230022961301e-02
8.267999999999999794e-01 1.322798281825503786e+01 9.516402241136127926e-02
8.285000000000000142e-01 1.310438458570785869e+01 9.512563178613228643e-02
8.303000000000000380e-01 1.287884985317044695e+01 9.502606723520341803e-02
8.319999999999999618e-01 1.313754871938574453e+01 9.507547779508974950e-02
8.336999999999999966e-01 1.299524422256167888e+01 9.508122512757256894e-02
8.355000000000000204e-01 1.292647035636958819e+01 9.507222378357954584e-02
8.372000000000000552e-01 1.295128285923242828e+01 9.504003510393278786e-02
8.388999999999999790e-01 1.308885033815617049e+01 9.005238185530824169e-02
8.406000000000000139e-01 1.297842899793758598e+01 9.507137550624829292e-02
8.424000000000000377e-01 1.292385793296397800e+01 9.507185938164877670e-02
8.440999999999999615e-01 1.285852336336606605e+01 9.504017595816244279e-02
8.457999999999999963e-01 1.303592632118483863e+01 9.507029903235664214e-02
8.476000000000000201e-01 1.285767680265387725e+01 9.505261337170888003e-02
8.493000000000000549e-01 1.251048968434036723e+01 9.498470912644731146e-02
8.509999999999999787e-01 1.275249856142477789e+01 9.503242447029361384e-02
8.528000000000000025e-01 1.281574709115011856e+01 9.503714962734047256e-02
8.545000000000000373e-01 1.266513211315808718e+01 9.501224282329386039e-02
8.561999999999999611e-01 1.294647822031152273e+01 9.508753430559913067e-02
8.579999999999999849e-01 1.262235863690489879e+01 9.517792802230597149e-02
8.597000000000000197e-01 1.281623098493731661e+01 9.501688058724053199e-02
8.614000000000000545e-01 1.264282820288442721e+01 9.503432173884544809e-02
8.631999999999999673e-01 1.276936895074531364e+01 9.503645118007300607e-02
8.649000000000000021e-01 1.277993876167390397e+01 1.360620256769208003e-01
8.666000000000000369e-01 1.266119457019714645e+01 9.500853633062174286e-02
8.683999999999999497e-01 1.273524619264560265e+01 9.506571317950239519e-02
8.700999999999999845e-01 1.277047509084203192e+01 9.506965850262227846e-02
8.718000000000000194e-01 1.263932971158633833e+01 9.499214129224128889e-02
8.735000000000000542e-01 1.231670581517578356e+01 9.495845573854866384e-02
8.752999999999999670e-01 1.245220301931275131e+01 9.498473964391759838e-02
8.770000000000000018e-01 1.254365954979946807e+01 9.499804638788227062e-02
8.787000000000000366e-01 1.246770294791050482e+01 9.502147790639794978e-02
8.804999999999999494e-01 1.254586493050495299e+01 9.500286441278277261e-02
8.821999999999999842e-01 1.249512174090152072e+01 9.499711428498874843e-02
8.839000000000000190e-01 1.225075068523436350e+01 9.492699788595472532e-02
8.857000000000000428e-01 1.242708917464680063e+01 9.498611210823136586e-02
8.873999999999999666e-01 1.224403774828583380e+01 9.494962944466228683e-02
8.891000000000000014e-01 1.225829905462004454e+01 9.492145310323113483e-02
8.909000000000000252e-01 1.232776874594310712e+01 9.495376149052481285e-02
8.925999999999999490e-01 1.206319919883498848e+01 9.490731068039970353e-02
8.942999999999999838e-01 1.234008968311149879e+01 9.499861682346390224e-02
8.961000000000000076e-01 1.226447881491700720e+01 9.494744264322750593e-02
8.978000000000000425e-01 1.229608666186137356e+01 9.496493272558334531e-02
8.994999999999999662e-01 1.216740544751864483e+01 9.496004893142830083e-02
9.012000000000000011e-01 1.199776738589764769e+01 9.490417487388039253e-02
9.030000000000000249e-01 1.214588155717121509e+01 9.495448927691491070e-02
9.046999999999999487e-01 1.199689890693428218e+01 9.490058595615319392e-02
9.063999999999999835e-01 1.196945970914244484e+01 9.486619371507137854e-02
9.082000000000000073e-01 1.192442649025662327e+01 9.488841068356249075e-02
9.099000000000000421e-01 1.192548446275012886e+01 9.491917719469741832e-02
9.115999999999999659e-01 1.191386178621503156e+01 9.502748667130693494e-02
9.133999999999999897e-01 1.193529037091368217e+01 9.489017595109736081e-02
9.151000000000000245e-01 1.187834050703905397e+01 1.608073633176873574e-01
9.167999999999999483e-01 1.172627901198359446e+01 1.048895952032820184e-01
9.185999999999999721e-01 1.181196812383989503e+01 9.488975891001737162e-02
9.203000000000000069e-01 1.160961257996011220e+01 9.485505715903434776e-02
9.220000000000000417e-01 1.176432992280595080e+01 9.486334577777733035e-02
9.237999999999999545e-01 1.162776166865402949e+01 9.484564649875043552e-02
9.254999999999999893e-01 1.145503813954900529e+01 9.480324672299805799e-02
9.272000000000000242e-01 1.177440041732669407e+01 9.486909625040947092e-02
9.290000000000000480e-01 1.133042263994997789e+01 9.481145379062130840e-02
9.306999999999999718e-01 1.121830739075219974e+01 9.477337104924311861e-02
9.324000000000000066e-01 1.152919312768045934e+01 9.498944989783558723e-02
9.341000000000000414e-01 1.130038903658103422e+01 9.478140228269497924e-02
9.358999999999999542e-01 1.144887588244054299e+01 9.480090736731530687e-02
9.375999999999999890e-01 1.129430634671258815e+01 9.480986321949270990e-02
9.393000000000000238e-01 1.122307144616988417e+01 9.479308705941674740e-02
9.411000000000000476e-01 1.113309151906799599e+01 9.477969998873576885e-02
9.445000000000000062e-01 1.128179826609984993e+01 9.481187290653958488e-02
9.463000000000000300e-01 1.123462849689978604e+01 9.477962149749208365e-02
9.479999999999999538e-01 1.108270065924622827e+01 9.480063622102723186e-02
9.496999999999999886e-01 1.115457290603545459e+01 9.476533247587792808e-02
9.515000000000000124e-01 1.132303271393532818e+01 1.888267410037075267e-01
9.532000000000000473e-01 1.098422634262129272e+01 9.477967860526141652e-02
9.548999999999999710e-01 1.089651965044690840e+01 9.476074627449505849e-02
9.566999999999999948e-01 1.080255050004395656e+01 9.472972269407155255e-02
9.584000000000000297e-01 1.072424407172841043e+01 9.471748041927029182e-02
9.600999999999999535e-01 1.071206094921002183e+01 9.470726738414249335e-02
9.617999999999999883e-01 1.066808476691509888e+01 9.468683938635885644e-02
9.636000000000000121e-01 1.076579044765573911e+01 9.871338723642740509e-02
9.653000000000000469e-01 1.036913067931480192e+01 1.582664928289435613e-01
9.669999999999999707e-01 1.046274675677704558e+01 9.466752995339491883e-02
9.687999999999999945e-01 1.028673035699344318e+01 2.241247335696272547e-01
9.705000000000000293e-01 1.035052862129469808e+01 1.121404893179238083e-01
9.721999999999999531e-01 1.025812454701758725e+01 9.464589314823977639e-02
9.739999999999999769e-01 1.035005734131321020e+01 9.463102444611541653e-02
9.757000000000000117e-01 1.026943226000424936e+01 9.463348495190944398e-02
9.774000000000000465e-01 1.035401373735206043e+01 9.484169431139559403e-02
9.791999999999999593e-01 1.023188604324320927e+01 9.463383385309251383e-02
9.808999999999999941e-01 1.010589631419895618e+01 9.461605508563306066e-02
9.826000000000000290e-01 1.015829157213770095e+01 9.464981772670831572e-02
9.844000000000000528e-01 9.932099412158782670e+00 9.460527363817607116e-02
9.860999999999999766e-01 9.914406294019720178e+00 9.459782031937430391e-02
9.878000000000000114e-01 9.892875854479527220e+00 9.458685358520797781e-02
9.896000000000000352e-01 9.950190363424061601e+00 9.463126824933004722e-02
9.912999999999999590e-01 9.792469254766135833e+00 9.459373833307221924e-02
9.929999999999999938e-01 9.912032501588239342e+00 9.460338044028185345e-02
9.947000000000000286e-01 9.597133603025220339e+00 9.456873478121552434e-02
9.965000000000000524e-01 9.743148609319749909e+00 9.457719525623881074e-02
9.981999999999999762e-01 9.629356596418043424e+00 9.457536460790079424e-02
9.999000000000000110e-01 9.688714521090957987e+00 1.016652050434540128e-01
1.001700000000000035e+00 9.481779280029515533e+00 9.461973440002639790e-02
1.003400000000000070e+00 9.386399120474669289e+00 9.452587868522233094e-02
1.005100000000000104e+00 9.356413655476215396e+00 9.453533188228949169e-02
1.006899999999999906e+00 9.382677148536403777e+00 9.451712534457662462e-02
1.008599999999999941e+00 9.422357771213993871e+00 9.457078356846031209e-02
1.010299999999999976e+00 9.427175686846084091e+00 9.453522847531689588e-02
1.016299999999999981e+00 9.061512149166654595e+00 7.054241243177102050e-02
1.018000000000000016e+00 9.141577099074677193e+00 7.054893636960868353e-02
1.019800000000000040e+00 8.944984644807560059e+00 8.088028176569542205e-02
1.021500000000000075e+00 8.914268128009487313e+00 7.051314223023749661e-02
1.023200000000000109e+00 8.868001930963163915e+00 7.050055686016455658e-02
1.024999999999999911e+00 8.738148475387800929e+00 7.046178718954826392e-02
1.026699999999999946e+00 8.732542480385017569e+00 7.047084188542832028e-02
1.028399999999999981e+00 8.651056921049635307e+00 7.046071282144585057e-02
1.030100000000000016e+00 8.622900365422038860e+00 7.048451022047017012e-02
1.031900000000000039e+00 8.576358280644607035e+00 7.043339471804824226e-02
1.033600000000000074e+00 8.376736605722530982e+00 7.039672727821677523e-02
1.035300000000000109e+00 8.537675971915660966e+00 7.042932741480822934e-02
1.037099999999999911e+00 8.378468579715429243e+00 7.040206674477240967e-02
1.038799999999999946e+00 8.439263422472702558e+00 7.044747360408841474e-02
1.040499999999999980e+00 8.305253038214232220e+00 7.040132082949011882e-02
1.042300000000000004e+00 8.202143895613728475e+00 7.034723984457079415e-02
1.044000000000000039e+00 8.285651420885947971e+00 7.042821618670244699e-02
1.045700000000000074e+00 8.178247940431178975e+00 7.039428488264985739e-02
1.047500000000000098e+00 8.136667493214984503e+00 7.035824331290080336e-02
1.049199999999999910e+00 8.042629876834494596e+00 7.035954357030775597e-02
1.052699999999999969e+00 7.879898588873847309e+00 7.033224502217630403e-02
1.054400000000000004e+00 7.865192342954864024e+00 7.033205585500192092e-02
1.056100000000000039e+00 7.747842427581393743e+00 7.026977295613644203e-02
1.057800000000000074e+00 7.681122894963015924e+00 7.030605505523439269e-02
1.059600000000000097e+00 7.649851840984434048e+00 7.030080326718385342e-02
1.061299999999999910e+00 7.627655868564235497e+00 7.029535662061781043e-02
1.062999999999999945e+00 7.689676188955968605e+00 7.031537384653695211e-02
1.064799999999999969e+00 7.518024259692404954e+00 7.028106280805554440e-02
1.066500000000000004e+00 7.361290405368668743e+00 7.023871376706158909e-02
1.068200000000000038e+00 7.349199366206950579e+00 7.025541449016807494e-02
1.070000000000000062e+00 7.355552875663135204e+00 7.044022827242697737e-02
1.071700000000000097e+00 7.119619779820850702e+00 7.022840012367213836e-02
1.073399999999999910e+00 7.257277841512210337e+00 7.023051471127984835e-02
1.075199999999999934e+00 7.032713380093444044e+00 7.019647813038434880e-02
1.076899999999999968e+00 7.117098151787009996e+00 7.020229537697769695e-02
1.078600000000000003e+00 6.901732629933530205e+00 7.017361341629128890e-02
1.080400000000000027e+00 6.928377589516649948e+00 7.019478907145454416e-02
1.082100000000000062e+00 6.825871955975919114e+00 7.019151997568770507e-02
1.083800000000000097e+00 6.802290071281386297e+00 7.016653548758378101e-02
1.085599999999999898e+00 6.565231318749316536e+00 7.023270309748891327e-02
1.087299999999999933e+00 6.679163991058066685e+00 7.016870266199268236e-02
1.088999999999999968e+00 6.549481436355667263e+00 7.014202006534568656e-02
1.090700000000000003e+00 6.575044456791703240e+00 7.015608566550246561e-02
1.092500000000000027e+00 6.563260056271610132e+00 7.014498409835358272e-02
1.094200000000000061e+00 6.504352469465488618e+00 7.013829273790365970e-02
1.095900000000000096e+00 6.375109549151735777e+00 7.012477541754016941e-02
1.097699999999999898e+00 6.428593689763596686e+00 7.013900754377136448e-02
1.099399999999999933e+00 6.386265118712204369e+00 7.012568351725585736e-02
1.101099999999999968e+00 6.269094926039804783e+00 7.010917359419126249e-02
1.102899999999999991e+00 6.258977426366177710e+00 7.011226514583861202e-02
1.104600000000000026e+00 6.087225286786057232e+00 7.008175268743163655e-02
1.106300000000000061e+00 6.123236043907499315e+00 1.615391222302312579e-01
1.108100000000000085e+00 6.126245388340305631e+00 7.010103358689682984e-02
1.109799999999999898e+00 6.002849291154249478e+00 7.008561207007586724e-02
1.111499999999999932e+00 5.905292738925400187e+00 7.006516091026479542e-02
1.113299999999999956e+00 5.858621402232104813e+00 7.006184454379543736e-02
1.114999999999999991e+00 5.708984831773179280e+00 7.004234078146767684e-02
1.116700000000000026e+00 5.743166402913549184e+00 7.005123137369201336e-02
1.118500000000000050e+00 5.706607696211338343e+00 7.024184630620759762e-02
1.120200000000000085e+00 5.800069738821341581e+00 7.004958583257314686e-02
1.121899999999999897e+00 5.710748081752578642e+00 7.004303249016341493e-02
1.123599999999999932e+00 5.549394043298732093e+00 7.003579419021530028e-02
1.125399999999999956e+00 5.493520760163043803e+00 7.019265444772124218e-02
1.127099999999999991e+00 5.437597722389648780e+00 7.000349291844630562e-02
1.128800000000000026e+00 5.541982875450749191e+00 7.015184504535811050e-02
1.130600000000000049e+00 5.397246301037950111e+00 7.001390222377980310e-02
1.132300000000000084e+00 5.292378385785652561e+00 7.001535083826063155e-02
1.133999999999999897e+00 5.304091294235497855e+00 6.999721559216177946e-02
1.135799999999999921e+00 5.302349631545741460e+00 7.000679670817321065e-02
1.137499999999999956e+00 5.319744514056598206e+00 7.001587496054242910e-02
1.139199999999999990e+00 5.095650612704792692e+00 6.999557027882845339e-02
1.141000000000000014e+00 5.055387449549437306e+00 7.006939213633692209e-02
1.142700000000000049e+00 5.110973211898363289e+00 6.997934746824682750e-02
1.144400000000000084e+00 4.890848659842574442e+00 6.996374842580285747e-02
1.146200000000000108e+00 4.789337462168187010e+00 6.994200796696636857e-02
1.147899999999999920e+00 4.754335861008938124e+00 6.994810780943007400e-02
1.149599999999999955e+00 4.765706224856515405e+00 6.994929337721236817e-02
1.151299999999999990e+00 4.649373396853195395e+00 6.994871407681796383e-02
1.153100000000000014e+00 4.359291573325397628e+00 6.732443888921958719e-02
1.154800000000000049e+00 4.515487456695752577e+00 6.990851223564865935e-02
1.156500000000000083e+00 4.409287884687712378e+00 6.991450698110791839e-02
1.158300000000000107e+00 4.535017738779179020e+00 6.992481883699244727e-02
1.159999999999999920e+00 4.534269241192949274e+00 1.293858567373983026e-01
1.161699999999999955e+00 4.390754924991482788e+00 6.993768018306624479e-02
1.163499999999999979e+00 4.350104351843274486e+00 6.991643830885013733e-02
1.165200000000000014e+00 4.382515862996038791e+00 6.991015543253875641e-02
1.166900000000000048e+00 4.239674620449669362e+00 6.989897832299458991e-02
1.168700000000000072e+00 4.362855261429722908e+00 6.991903431948447156e-02
1.170400000000000107e+00 4.294925648340128355e+00 6.991780107945762268e-02
1.172099999999999920e+00 4.302765857559119667e+00 6.991520601835420068e-02
1.173899999999999944e+00 4.130978894481610375e+00 7.001849513322484786e-02
1.175599999999999978e+00 4.107017062700243137e+00 6.989641930614226562e-02
1.177300000000000013e+00 4.134962366451293114e+00 6.989699799946548497e-02
1.179100000000000037e+00 4.138649778638941790e+00 6.990390612401313486e-02
1.180800000000000072e+00 4.074999662657125654e+00 6.988685736340786991e-02
1.182500000000000107e+00 4.120617943465773259e+00 6.989767841806764082e-02
1.185999999999999943e+00 3.958117369896554827e+00 6.988049082960105796e-02
1.187699999999999978e+00 4.059766429515686781e+00 6.990393982381910842e-02
1.189400000000000013e+00 4.000682566363521708e+00 6.989715014660662085e-02
1.191200000000000037e+00 4.080773326535673817e+00 1.454834813765696067e-01
1.192900000000000071e+00 4.128105604575445398e+00 6.990346444822190253e-02
1.194600000000000106e+00 3.895385482299053237e+00 6.986902333731914716e-02
1.196399999999999908e+00 3.964796378360317508e+00 6.428846807904926852e-02
1.198099999999999943e+00 3.903938956958873163e+00 6.988107756015811411e-02
1.199799999999999978e+00 3.950796129078235186e+00 6.987779096433860415e-02
1.201600000000000001e+00 3.968565818793186040e+00 6.987912055406396428e-02
1.203300000000000036e+00 3.853934144455520627e+00 7.181642258603081197e-02
1.205000000000000071e+00 3.913108261538929877e+00 6.987675140598072210e-02
1.206800000000000095e+00 3.752047925367732351e+00 6.986034040778782428e-02
1.208499999999999908e+00 3.773566784367053284e+00 6.986017793378597462e-02
1.210199999999999942e+00 3.702852745262749767e+00 2.390290619140898465e-01
1.211899999999999977e+00 3.730040634072010697e+00 6.985818146136929530e-02
1.213700000000000001e+00 3.793425373331622108e+00 6.987372522869556013e-02
1.215400000000000036e+00 3.815814046664251169e+00 6.986122581788863084e-02
1.217100000000000071e+00 3.800675076321260448e+00 6.986088435011804376e-02
1.218900000000000095e+00 3.806961165640542433e+00 6.987164047150554169e-02
1.220599999999999907e+00 3.722428744399906009e+00 6.986615756444283787e-02
1.222299999999999942e+00 3.708700509803289247e+00 6.985888408024072682e-02
1.224099999999999966e+00 3.766127781906862815e+00 6.985817819762867031e-02
1.225800000000000001e+00 3.701632343581596540e+00 6.986594816435570676e-02
1.227500000000000036e+00 3.644133006971708610e+00 6.985875156320885127e-02
1.229300000000000059e+00 3.587155212663447390e+00 6.984404074630790049e-02
1.231000000000000094e+00 3.673704935783133951e+00 6.985873357083390023e-02
1.232699999999999907e+00 3.601150519511076897e+00 6.985623048895843457e-02
1.236199999999999966e+00 3.545365249022307097e+00 6.985083394874699869e-02
1.237900000000000000e+00 3.576441056302829047e+00 6.993066042539933247e-02
1.239700000000000024e+00 3.572995557790604515e+00 6.985113836799186626e-02
1.241400000000000059e+00 3.486364114641134826e+00 6.984250707324783647e-02
1.243100000000000094e+00 3.598003053201794810e+00 8.337122914563567522e-02
1.244799999999999907e+00 3.575035846990222588e+00 6.985003165732450725e-02
1.246599999999999930e+00 3.504598517175728567e+00 6.983736967742053270e-02
1.248299999999999965e+00 3.487980735674628630e+00 6.984189568553574035e-02
1.250000000000000000e+00 3.525427980149865803e+00 6.984682585161046398e-02
1.251800000000000024e+00 3.640642496761196334e+00 6.986391367481478709e-02
1.253500000000000059e+00 3.616964573172742448e+00 6.985815987450284814e-02
1.255200000000000093e+00 3.664953309224971090e+00 6.985996418563426846e-02
1.256999999999999895e+00 3.527479668315207206e+00 6.984469326124198574e-02
1.258699999999999930e+00 3.624352890972507346e+00 6.985450027099072978e-02
1.260399999999999965e+00 3.650699963498242440e+00 6.984936907758038105e-02
1.262199999999999989e+00 3.538706921850844012e+00 6.985042156443256600e-02
1.263900000000000023e+00 3.584053815096137185e+00 6.984134154199155009e-02
1.265600000000000058e+00 3.613833410676563940e+00 6.986179758212388013e-02
1.267400000000000082e+00 3.574514101041799563e+00 7.009073520488556808e-02
1.269099999999999895e+00 3.622603474696633796e+00 6.986013312368130612e-02
1.270799999999999930e+00 3.646415084496132053e+00 6.997407581217746086e-02
1.272499999999999964e+00 3.583942584629340899e+00 6.986161944161919934e-02
1.274299999999999988e+00 3.733614579524152877e+00 6.986587923945634937e-02
1.276000000000000023e+00 3.597178369278891008e+00 6.985669753888119893e-02
1.277700000000000058e+00 3.634198896679479596e+00 6.985685475957732760e-02
1.279500000000000082e+00 3.652405487624933222e+00 6.985758083283440112e-02
1.281199999999999894e+00 3.508525469181352108e+00 6.984147131280325771e-02
1.282899999999999929e+00 3.598824131076932442e+00 6.985264167253957268e-02
1.284699999999999953e+00 3.672781463623005838e+00 6.985789280693170678e-02
1.286399999999999988e+00 3.670527066814126993e+00 6.984800838172132431e-02
1.288100000000000023e+00 3.626214842749173162e+00 6.985056266603811848e-02
1.289900000000000047e+00 3.720247873688356854e+00 6.986875245473116169e-02
1.293299999999999894e+00 3.692376223239329569e+00 6.986378526522220300e-02
1.295099999999999918e+00 3.715298570718363891e+00 6.986819855056400352e-02
1.296799999999999953e+00 3.715188645106341614e+00 6.985628426824161408e-02
1.298499999999999988e+00 3.613632576699995269e+00 6.985701849846971678e-02
1.300300000000000011e+00 3.681792631171405095e+00 6.985313297756834405e-02
1.302000000000000046e+00 3.690264141833739853e+00 6.986544132232713755e-02
1.303700000000000081e+00 3.788605202756130552e+00 6.986901166449047129e-02
1.305399999999999894e+00 3.882767464540034741e+00 6.987062208609963465e-02
1.307199999999999918e+00 3.851852945818400542e+00 6.987574112197689202e-02
1.310599999999999987e+00 3.944160782923298747e+00 6.988801546211524662e-02
1.312400000000000011e+00 3.824775726940026210e+00 6.987223262963478121e-02
