1.12610 5.838291e+00
1.12790 5.801153e+00
1.12960 5.764185e+00
1.13130 5.730401e+00
1.13310 5.692757e+00
1.13480 5.657018e+00
1.13650 5.623393e+00
1.13830 5.587340e+00
1.14000 5.552591e+00
1.14170 5.516401e+00
1.14340 5.485259e+00
1.14520 5.450463e+00
1.14690 5.419021e+00
1.14860 5.387119e+00
1.15040 5.355174e+00
1.15210 5.324276e+00
1.15380 5.292477e+00
1.15560 5.259724e+00
1.15730 5.228978e+00
1.15900 5.201820e+00
1.16080 5.168304e+00
1.16250 5.139021e+00
1.16420 5.109147e+00
1.16600 5.080343e+00
1.16770 5.052504e+00
1.16940 5.025977e+00
1.17120 4.997654e+00
1.17290 4.972196e+00
1.17460 4.945307e+00
1.17630 4.919508e+00
1.17810 4.893039e+00
1.17980 4.869016e+00
1.18150 4.844026e+00
1.18330 4.817523e+00
1.18500 4.795723e+00
1.18670 4.770991e+00
1.18850 4.748956e+00
1.19020 4.728776e+00
1.19190 4.705641e+00
1.19370 4.684586e+00
1.19540 4.663699e+00
1.19710 4.643058e+00
1.19890 4.622783e+00
1.20060 4.603176e+00
1.20230 4.583585e+00
1.20400 4.564840e+00
1.20580 4.547017e+00
1.20750 4.529853e+00
1.20920 4.513102e+00
1.21100 4.493806e+00
1.21270 4.477858e+00
1.21440 4.463099e+00
1.21620 4.447784e+00
1.21790 4.432756e+00
1.21960 4.418101e+00
1.22140 4.403338e+00
1.22310 4.391593e+00
1.22480 4.378233e+00
1.22660 4.366113e+00
1.22830 4.354035e+00
1.23000 4.343641e+00
1.23180 4.333374e+00
1.23350 4.322306e+00
1.23520 4.312583e+00
1.23690 4.302454e+00
1.23870 4.294752e+00
1.24040 4.286150e+00
1.24210 4.277777e+00
1.24390 4.269738e+00
1.24560 4.264669e+00
1.24730 4.257597e+00
1.24910 4.251353e+00
0.25080 4.246479e+00
0.25250 4.241843e+00
0.25430 4.238406e+00
0.25600 4.233708e+00
0.25770 4.231079e+00
0.25950 4.228739e+00
0.26120 4.227264e+00
0.26290 4.224605e+00
0.26460 4.224120e+00
0.26640 4.223610e+00
0.26810 4.224796e+00
0.26980 4.224640e+00
0.27160 4.224872e+00
0.27330 4.226451e+00
0.27500 4.227749e+00
0.27680 4.230981e+00
0.27850 4.233091e+00
0.28020 4.237312e+00
0.28200 4.241482e+00
0.28370 4.246178e+00
0.28540 4.250606e+00
0.28720 4.255793e+00
0.28890 4.261893e+00
0.29060 4.269623e+00
0.29240 4.277677e+00
0.29410 4.284257e+00
0.29580 4.291648e+00
0.29750 4.300042e+00
0.29930 4.309626e+00
0.30100 4.319412e+00
0.30270 4.328941e+00
0.30450 4.340033e+00
0.30620 4.351071e+00
0.30790 4.360656e+00
0.30970 4.374766e+00
0.31140 4.385438e+00
0.31310 4.396639e+00
0.31490 4.412127e+00
0.31660 4.424542e+00
0.31830 4.439529e+00
0.32010 4.455432e+00
0.32180 4.470077e+00
0.32350 4.484635e+00
0.32530 4.502301e+00
0.32700 4.519849e+00
0.32870 4.535155e+00
0.33040 4.552650e+00
0.33220 4.571268e+00
0.33390 4.589874e+00
0.33560 4.607586e+00
0.33740 4.629268e+00
0.33910 4.648715e+00
0.34080 4.670580e+00
0.34260 4.690235e+00
0.34430 4.712030e+00
0.34600 4.733668e+00
0.34780 4.757605e+00
0.34950 4.779152e+00
0.35120 4.800773e+00
0.35300 4.825094e+00
0.35470 4.847803e+00
0.35640 4.871569e+00
0.35810 4.893720e+00
0.35990 4.922336e+00
0.36160 4.947740e+00
0.36330 4.973039e+00
0.36510 5.000387e+00
0.36680 5.027974e+00
0.36850 5.055157e+00
0.37030 5.082150e+00
0.37200 5.110597e+00
0.37370 5.136944e+00
0.37550 5.166230e+00
0.37720 5.195359e+00
0.37890 5.224722e+00
0.38070 5.255711e+00
0.38240 5.285479e+00
0.38410 5.314498e+00
0.38590 5.346216e+00
0.38760 5.378386e+00
0.38930 5.410341e+00
0.39100 5.440027e+00
0.39280 5.472726e+00
0.39450 5.504041e+00
0.39620 5.536110e+00
0.39800 5.570774e+00
0.39970 5.603464e+00
0.40140 5.635481e+00
0.40320 5.670750e+00
0.40490 5.703938e+00
0.40660 5.737864e+00
0.41260 5.855744e+00
0.41430 5.891484e+00
0.41610 5.929001e+00
0.41780 5.965434e+00
0.41950 6.000752e+00
0.42130 6.038604e+00
0.42300 6.074030e+00
0.42470 6.108061e+00
0.42640 6.144309e+00
0.42820 6.181934e+00
0.43160 6.254864e+00
0.43340 6.295370e+00
0.43510 6.331384e+00
0.43680 6.368982e+00
0.43860 6.409248e+00
0.44030 6.448873e+00
0.44380 6.526164e+00
0.44550 6.562739e+00
0.44720 6.598021e+00
0.44900 6.638199e+00
0.45070 6.673320e+00
0.45240 6.713557e+00
0.45410 6.751435e+00
0.45760 6.831539e+00
0.45930 6.871015e+00
0.46110 6.913217e+00
0.46280 6.952963e+00
0.46450 6.990085e+00
0.46630 7.031173e+00
0.46800 7.070697e+00
0.46970 7.106654e+00
0.47150 7.147290e+00
0.47320 7.185725e+00
0.47490 7.223218e+00
0.47670 7.264315e+00
0.47840 7.303726e+00
0.48010 7.342009e+00
0.48190 7.384725e+00
0.48360 7.423500e+00
0.48530 7.461089e+00
0.48700 7.499990e+00
0.48880 7.541409e+00
0.49050 7.581330e+00
0.49220 7.620764e+00
0.49400 7.660293e+00
0.49570 7.696524e+00
0.49740 7.735420e+00
0.49920 7.779022e+00
0.50090 7.816377e+00
0.50260 7.854237e+00
0.50440 7.894962e+00
0.50610 7.933370e+00
0.50780 7.969874e+00
0.50960 8.009216e+00
0.51130 8.045139e+00
0.51300 8.084655e+00
0.51470 8.120489e+00
0.51650 8.161726e+00
0.51820 8.196530e+00
0.51990 8.236821e+00
0.52170 8.274638e+00
0.52340 8.310877e+00
0.52510 8.347519e+00
0.52690 8.389571e+00
0.52860 8.426444e+00
0.53030 8.461749e+00
0.53210 8.499321e+00
0.53380 8.535257e+00
0.53550 8.570230e+00
0.53730 8.606977e+00
0.53900 8.641487e+00
0.54070 8.675462e+00
0.54250 8.711952e+00
0.54420 8.750409e+00
0.54590 8.785000e+00
0.54760 8.817833e+00
0.54940 8.857997e+00
0.55110 8.889897e+00
0.55280 8.922443e+00
0.55460 8.959707e+00
0.55630 8.993363e+00
0.55800 9.027285e+00
0.55980 9.061267e+00
0.56150 9.093656e+00
0.56320 9.127981e+00
0.56500 9.162411e+00
0.56670 9.194104e+00
0.56840 9.228513e+00
0.57020 9.262348e+00
0.57190 9.293149e+00
0.57360 9.324897e+00
0.57540 9.357210e+00
0.57710 9.386390e+00
0.57880 9.419083e+00
0.58050 9.448744e+00
0.58230 9.483042e+00
0.58400 9.511196e+00
0.58570 9.540742e+00
0.58750 9.571386e+00
0.58920 9.600250e+00
0.59090 9.628928e+00
0.59270 9.659736e+00
0.59440 9.687957e+00
0.59610 9.716647e+00
0.59790 9.745696e+00
0.59960 9.772977e+00
0.60130 9.803278e+00
0.60310 9.831663e+00
0.60480 9.858402e+00
0.60650 9.884730e+00
0.60820 9.913474e+00
0.61000 9.940710e+00
0.61170 9.964576e+00
0.61340 9.991183e+00
0.61690 1.004417e+01
0.61860 1.006845e+01
0.62210 1.011707e+01
0.62380 1.014095e+01
0.62560 1.016767e+01
0.62730 1.019007e+01
0.62900 1.021327e+01
0.63080 1.023654e+01
0.63250 1.026176e+01
0.63420 1.028316e+01
0.63600 1.030590e+01
0.63770 1.032891e+01
0.63940 1.034872e+01
0.64110 1.036903e+01
0.64290 1.039145e+01
0.64460 1.041250e+01
0.64630 1.043220e+01
0.64810 1.045541e+01
0.64980 1.047618e+01
0.65150 1.049732e+01
0.65330 1.051692e+01
0.65500 1.053678e+01
0.65670 1.055626e+01
0.65850 1.057576e+01
0.66020 1.059302e+01
0.66190 1.061155e+01
0.66370 1.062972e+01
0.66540 1.064820e+01
0.66710 1.066565e+01
0.66880 1.068424e+01
0.67060 1.070244e+01
0.67230 1.072230e+01
0.67400 1.073839e+01
0.67580 1.075430e+01
0.67750 1.077250e+01
0.67920 1.078498e+01
0.68100 1.080104e+01
0.68270 1.081636e+01
0.68620 1.084680e+01
0.68790 1.086247e+01
0.68960 1.087869e+01
0.69140 1.089466e+01
0.69310 1.090824e+01
0.69480 1.092142e+01
0.69830 1.094765e+01
0.70000 1.095933e+01
0.70170 1.097336e+01
0.70350 1.098966e+01
0.70520 1.100400e+01
0.70690 1.101384e+01
0.70870 1.102580e+01
0.71600 1.107227e+01
0.71770 1.108135e+01
0.71940 1.109000e+01
0.72120 1.110027e+01
0.72290 1.111014e+01
0.72460 1.111783e+01
0.72640 1.113095e+01
0.72810 1.113882e+01
0.72980 1.114899e+01
0.73160 1.115708e+01
0.73330 1.116460e+01
0.73500 1.117577e+01
0.73680 1.118406e+01
0.73850 1.119282e+01
0.74020 1.119920e+01
0.74200 1.120646e+01
0.74370 1.121293e+01
0.74710 1.122593e+01
0.74890 1.123084e+01
0.75060 1.123639e+01
0.75230 1.124468e+01
0.75410 1.125163e+01
0.75580 1.125584e+01
0.75750 1.126078e+01
0.75930 1.126604e+01
0.76100 1.127244e+01
0.76270 1.127576e+01
0.76450 1.128062e+01
0.76620 1.128256e+01
0.76790 1.128399e+01
0.76970 1.128814e+01
0.77140 1.129220e+01
0.77310 1.129490e+01
0.77490 1.129506e+01
0.77660 1.129858e+01
0.77830 1.130038e+01
0.78000 1.130220e+01
0.78180 1.130649e+01
0.78350 1.130810e+01
0.78520 1.131160e+01
0.78700 1.131162e+01
0.78870 1.131193e+01
0.79220 1.131241e+01
0.79390 1.131247e+01
0.79560 1.131206e+01
0.79740 1.130889e+01
0.79910 1.130450e+01
0.80080 1.130421e+01
0.80260 1.130239e+01
0.80430 1.130297e+01
0.80780 1.129679e+01
0.81120 1.128842e+01
0.81290 1.128357e+01
0.81470 1.127953e+01
0.81640 1.127545e+01
0.81810 1.127053e+01
0.81990 1.126643e+01
0.82160 1.126211e+01
0.82330 1.125940e+01
0.82510 1.125175e+01
0.82680 1.124834e+01
0.82850 1.123917e+01
0.83030 1.123132e+01
0.83200 1.122288e+01
0.83370 1.121467e+01
0.83550 1.120671e+01
0.83720 1.119970e+01
0.83890 1.119107e+01
0.84060 1.118247e+01
0.84240 1.117470e+01
0.84410 1.116387e+01
0.84580 1.115578e+01
0.84760 1.114521e+01
0.84930 1.113593e+01
0.85100 1.112471e+01
0.85280 1.111051e+01
0.85450 1.109974e+01
0.85620 1.108809e+01
0.85800 1.107408e+01
0.85970 1.106346e+01
0.86140 1.105202e+01
0.86320 1.103824e+01
0.86490 1.102556e+01
0.86660 1.101306e+01
0.86840 1.099681e+01
0.87010 1.098176e+01
0.87180 1.096894e+01
0.87350 1.095391e+01
0.87530 1.093790e+01
0.87700 1.092071e+01
0.87870 1.090301e+01
0.88050 1.088836e+01
0.88220 1.087168e+01
0.88390 1.085193e+01
0.88570 1.083491e+01
0.88740 1.081562e+01
0.88910 1.079773e+01
0.89090 1.077975e+01
0.89260 1.075774e+01
0.89430 1.073797e+01
0.89610 1.071773e+01
0.89780 1.069812e+01
0.89950 1.067631e+01
0.90120 1.065367e+01
0.90300 1.063090e+01
0.90470 1.060961e+01
0.90640 1.058717e+01
0.90820 1.056361e+01
0.90990 1.053972e+01
0.91160 1.051674e+01
0.91340 1.049219e+01
0.91510 1.047045e+01
0.91680 1.044555e+01
0.91860 1.041935e+01
0.92030 1.039392e+01
0.92200 1.036568e+01
0.92380 1.033896e+01
0.92550 1.031504e+01
0.92720 1.028851e+01
0.92900 1.026052e+01
0.93070 1.023346e+01
0.93240 1.020399e+01
0.93410 1.017488e+01
0.93590 1.014588e+01
0.93760 1.011629e+01
0.93930 1.008641e+01
0.94110 1.005703e+01
0.94450 9.996636e+00
0.94630 9.964754e+00
0.94800 9.933988e+00
0.94970 9.904749e+00
0.95150 9.871135e+00
0.95320 9.838646e+00
0.95490 9.806586e+00
0.95670 9.770170e+00
0.95840 9.736747e+00
0.96010 9.705802e+00
0.96180 9.673765e+00
0.96360 9.639901e+00
0.96530 9.605946e+00
0.96700 9.571556e+00
0.96880 9.536103e+00
0.97050 9.502817e+00
0.97220 9.467083e+00
0.97400 9.428341e+00
0.97570 9.390008e+00
0.97740 9.355086e+00
0.97920 9.318136e+00
0.98090 9.281647e+00
0.98260 9.243165e+00
0.98440 9.204051e+00
0.98610 9.168037e+00
0.98780 9.131779e+00
0.98960 9.091575e+00
0.99130 9.055146e+00
0.99300 9.016962e+00
0.99470 8.979741e+00
0.99650 8.939849e+00
0.99820 8.899429e+00
0.99990 8.862507e+00
1.00170 8.818312e+00
1.00340 8.776409e+00
1.00510 8.738703e+00
1.00690 8.699697e+00
1.00860 8.659752e+00
1.01030 8.616458e+00
1.01630 8.474574e+00
1.01800 8.434867e+00
1.01980 8.390276e+00
1.02150 8.349458e+00
1.02320 8.306668e+00
1.02500 8.262961e+00
1.02670 8.223113e+00
1.02840 8.182297e+00
1.03010 8.140692e+00
1.03190 8.099206e+00
1.03360 8.056713e+00
1.03530 8.013807e+00
1.03710 7.971540e+00
1.03880 7.928495e+00
1.04050 7.883716e+00
1.04230 7.839439e+00
1.04400 7.796501e+00
1.04570 7.752728e+00
1.04750 7.708127e+00
1.04920 7.663831e+00
1.05270 7.579622e+00
1.05440 7.540335e+00
1.05610 7.498592e+00
1.05780 7.455824e+00
1.05960 7.411386e+00
1.06130 7.367651e+00
1.06300 7.324663e+00
1.06480 7.278632e+00
1.06650 7.237234e+00
1.06820 7.194621e+00
1.07000 7.149209e+00
1.07170 7.106647e+00
1.07340 7.065716e+00
1.07520 7.021047e+00
1.07690 6.981894e+00
1.07860 6.940380e+00
1.08040 6.895657e+00
1.08210 6.854488e+00
1.08380 6.812381e+00
1.08560 6.767078e+00
1.08730 6.724731e+00
1.08900 6.684847e+00
1.09070 6.644097e+00
1.09250 6.602689e+00
1.09420 6.562719e+00
1.09590 6.521137e+00
1.09770 6.478643e+00
1.09940 6.438827e+00
1.10110 6.399568e+00
1.10290 6.355364e+00
1.10460 6.317171e+00
1.10630 6.278618e+00
1.10810 6.237222e+00
1.10980 6.199008e+00
1.11150 6.161409e+00
1.11330 6.117567e+00
1.11500 6.080401e+00
1.11670 6.041909e+00
1.11850 6.003703e+00
1.12020 5.966079e+00
1.12190 5.928325e+00
1.12360 5.890833e+00
1.12540 5.852879e+00
1.12710 5.817388e+00
1.12880 5.781042e+00
1.13060 5.743354e+00
1.13230 5.709843e+00
1.13400 5.673450e+00
1.13580 5.637192e+00
1.13750 5.603140e+00
1.13920 5.568252e+00
1.14100 5.531058e+00
1.14270 5.498408e+00
1.14440 5.465223e+00
1.14620 5.431515e+00
1.14790 5.400494e+00
1.14960 5.369397e+00
1.15130 5.338891e+00
1.15310 5.305658e+00
1.15480 5.273605e+00
1.15650 5.242984e+00
1.15830 5.212897e+00
1.16000 5.181018e+00
1.16170 5.151869e+00
1.16350 5.121737e+00
1.16520 5.093003e+00
1.16690 5.065854e+00
1.16870 5.037125e+00
1.17040 5.010146e+00
1.17210 4.984309e+00
1.17390 4.957126e+00
1.17560 4.930274e+00
1.17730 4.904265e+00
1.17910 4.877468e+00
1.18080 4.855137e+00
1.18250 4.828513e+00
1.18600 4.780920e+00
1.18770 4.758746e+00
1.18940 4.737744e+00
1.19120 4.714351e+00
1.19290 4.692901e+00
1.19460 4.673865e+00
1.19640 4.651511e+00
1.19810 4.632525e+00
1.19980 4.611509e+00
1.20160 4.591903e+00
1.20330 4.573048e+00
1.20500 4.554226e+00
1.20680 4.537550e+00
1.20850 4.520869e+00
1.21020 4.502960e+00
1.21190 4.485579e+00
1.21370 4.469182e+00
1.21540 4.453906e+00
1.21710 4.439956e+00
1.21890 4.424920e+00
1.22060 4.410908e+00
1.22230 4.397481e+00
1.22410 4.383802e+00
1.22580 4.371589e+00
1.22750 4.359277e+00
1.22930 4.347371e+00
1.23100 4.338450e+00
1.23270 4.327632e+00
1.23620 4.305796e+00
1.23790 4.297800e+00
1.23970 4.289670e+00
1.24140 4.280803e+00
1.24310 4.272901e+00
1.24480 4.267098e+00
1.24660 4.260665e+00
1.24830 4.253843e+00
0.25000 4.248598e+00
0.25180 4.243231e+00
0.25350 4.239594e+00
0.25520 4.235872e+00
0.25700 4.232121e+00
0.25870 4.228942e+00
0.26040 4.227640e+00
0.26220 4.225400e+00
0.26390 4.223547e+00
0.26560 4.223891e+00
0.26740 4.224675e+00
0.26910 4.225082e+00
0.27080 4.224343e+00
0.27250 4.224937e+00
0.27430 4.227542e+00
0.27600 4.229677e+00
0.27770 4.232756e+00
0.27950 4.236386e+00
0.28120 4.240080e+00
0.28290 4.244037e+00
0.28470 4.248394e+00
0.28640 4.253277e+00
0.28810 4.259036e+00
0.28990 4.266578e+00
0.29330 4.281181e+00
0.29510 4.288052e+00
0.29680 4.296620e+00
0.29850 4.305446e+00
0.30030 4.315126e+00
0.30200 4.326075e+00
0.30370 4.334934e+00
0.30540 4.346263e+00
0.30720 4.355589e+00
0.31060 4.379746e+00
0.31240 4.391972e+00
