1.260999999999999899e-01 5.801698635652502212e+00 1.393873918619066288e-01
1.279000000000000137e-01 5.604825394607211742e+00 1.393876183815354053e-01
1.295999999999999930e-01 5.624124703561037109e+00 1.394335918914590688e-01
1.313000000000000000e-01 5.866751145419395463e+00 1.393928259578476048e-01
1.330999999999999961e-01 5.450756071323569429e+00 1.393856675302249382e-01
1.348000000000000032e-01 5.436524938895846759e+00 1.393762785643457291e-01
1.365000000000000102e-01 5.283169031355718026e+00 1.393841258146288620e-01
1.383000000000000063e-01 5.511167269827653037e+00 1.393838872191862088e-01
1.400000000000000133e-01 5.282339031513643590e+00 1.393767234536252564e-01
1.416999999999999926e-01 5.453994845507084577e+00 1.393994902659888291e-01
1.433999999999999997e-01 5.243687770963388672e+00 1.393757923194096360e-01
1.451999999999999957e-01 5.405788984420348164e+00 1.393789877936274513e-01
1.469000000000000028e-01 5.528205511225966262e+00 1.393882567477622569e-01
1.486000000000000099e-01 5.057174676307711891e+00 1.393715831743629618e-01
1.504000000000000059e-01 5.201727669015350664e+00 1.393776768292876445e-01
1.521000000000000130e-01 5.405715817677451795e+00 1.393775766010220407e-01
1.537999999999999923e-01 5.038916703881901604e+00 1.393738488721244506e-01
1.555999999999999883e-01 5.188768130127343170e+00 1.395006038877986410e-01
1.572999999999999954e-01 5.232606179678170655e+00 1.393734395658564884e-01
1.590000000000000024e-01 5.478405557770183343e+00 3.020294638361549766e-01
1.607999999999999985e-01 4.818667371067754779e+00 5.284550652630284340e-01
1.625000000000000056e-01 4.875768539079231800e+00 1.393714539850481604e-01
1.642000000000000126e-01 5.216619301539932252e+00 1.393754787556703567e-01
1.660000000000000087e-01 4.913624536575324164e+00 1.393756105448672733e-01
1.676999999999999880e-01 4.816895110529578972e+00 1.393675981078360826e-01
1.693999999999999950e-01 4.971297221278172529e+00 1.393683860134480867e-01
1.711999999999999911e-01 5.249430909442870608e+00 1.393775531783545130e-01
1.728999999999999981e-01 5.306941183645120574e+00 1.393707092582527618e-01
1.746000000000000052e-01 4.883363107034348616e+00 1.393661775120640101e-01
1.763000000000000123e-01 4.698491561355563562e+00 1.393662526536876278e-01
1.781000000000000083e-01 4.595827938701976478e+00 1.393644488210488697e-01
1.797999999999999876e-01 4.637861316653404842e+00 1.393571998912571663e-01
1.814999999999999947e-01 4.704116819738460187e+00 1.393774273940800446e-01
1.832999999999999907e-01 4.916417646975836497e+00 1.393583206961745979e-01
1.849999999999999978e-01 4.784478427375515430e+00 1.393624567503465583e-01
1.867000000000000048e-01 4.905301368253732086e+00 1.393626169363964828e-01
1.885000000000000009e-01 4.677095267318349237e+00 1.393603973155743136e-01
1.902000000000000079e-01 4.742327078302044363e+00 1.393553760697092414e-01
1.918999999999999873e-01 5.033129968190169556e+00 1.393640057671146348e-01
1.937000000000000111e-01 4.372087534843865697e+00 3.557321515256656186e-01
1.953999999999999904e-01 4.342003061451440438e+00 1.393480901558881990e-01
1.970999999999999974e-01 4.494887233506505986e+00 1.393491289938083022e-01
1.988999999999999935e-01 4.675845815893263868e+00 1.393571724310534443e-01
2.006000000000000005e-01 4.702960282113933133e+00 1.393598119438871075e-01
2.023000000000000076e-01 4.633152881015626612e+00 1.393576119738423047e-01
2.039999999999999869e-01 4.397602984133541781e+00 1.393519878828504144e-01
2.058000000000000107e-01 4.615575244157494872e+00 1.393551335954267278e-01
2.074999999999999900e-01 4.671212811141504773e+00 1.393626475104768336e-01
2.091999999999999971e-01 4.430690422328932954e+00 1.393449134058298011e-01
2.109999999999999931e-01 4.950435949093887622e+00 1.393612889263450005e-01
2.127000000000000002e-01 4.646049378499183646e+00 1.895567038737346333e-01
2.144000000000000072e-01 4.687010919916533069e+00 1.393608634220890319e-01
2.162000000000000033e-01 4.514007126743828202e+00 1.393443305297094870e-01
2.179000000000000103e-01 4.367062093778806720e+00 1.433532636247171477e-01
2.195999999999999897e-01 4.632008450544115696e+00 1.393546321224830298e-01
2.214000000000000135e-01 4.289930256861691049e+00 1.393429096701556125e-01
2.230999999999999928e-01 4.551716506624229552e+00 2.054350664993334907e-01
2.247999999999999998e-01 4.437246303122257096e+00 1.393407938623531517e-01
2.265999999999999959e-01 4.728486098041931207e+00 2.127490546774978286e-01
2.283000000000000029e-01 4.524012572450326175e+00 1.393556135670806773e-01
2.300000000000000100e-01 4.443136415660000615e+00 1.393515800125486315e-01
2.318000000000000060e-01 4.285061179672269738e+00 1.885655705952813677e-01
2.335000000000000131e-01 4.515307642253157283e+00 1.393504434667083569e-01
2.351999999999999924e-01 4.157268638344392642e+00 1.393503022516737189e-01
2.368999999999999995e-01 4.500986751990893708e+00 1.393513729370570164e-01
2.386999999999999955e-01 4.242148848559056162e+00 1.393450399931935313e-01
2.404000000000000026e-01 4.433985501845937982e+00 1.393514722064701783e-01
2.421000000000000096e-01 4.654825729167328063e+00 1.393534260864579266e-01
2.439000000000000057e-01 4.551276294969262004e+00 2.461065602496970428e-01
2.456000000000000127e-01 4.582412074955249714e+00 1.393507969283317993e-01
2.472999999999999921e-01 4.341516738114508556e+00 1.393462834429857189e-01
2.490999999999999881e-01 4.357648595605578379e+00 1.393501586555092320e-01
2.508000000000000229e-01 4.322443165346856908e+00 1.393486803031348531e-01
2.525000000000000022e-01 4.547797012930208105e+00 1.393546166810670228e-01
2.543000000000000260e-01 4.302024451589120169e+00 1.393443217953037327e-01
2.560000000000000053e-01 4.646839772300315197e+00 1.393607698837820430e-01
2.576999999999999846e-01 4.334363002487635619e+00 1.393464157304862838e-01
2.595000000000000084e-01 4.457810144683693743e+00 1.393444590472289746e-01
2.611999999999999877e-01 4.428673293046696990e+00 1.393471511454413836e-01
2.629000000000000226e-01 4.666002793603177601e+00 1.393560539916777752e-01
2.646000000000000019e-01 4.181736658907746040e+00 1.601363942942985452e-01
2.664000000000000257e-01 4.705056045266455378e+00 1.393562380944163848e-01
2.681000000000000050e-01 4.273659942309438797e+00 1.393647568488421140e-01
2.697999999999999843e-01 4.245446310303302440e+00 1.393465263219067496e-01
2.716000000000000081e-01 4.591725433392962685e+00 1.393555338465324034e-01
2.732999999999999874e-01 4.372122027660942933e+00 1.393468128070896594e-01
2.750000000000000222e-01 4.133525443744669126e+00 1.393445129602305099e-01
2.767999999999999905e-01 4.275638990703654940e+00 1.393462686310192877e-01
2.785000000000000253e-01 4.401747829989940186e+00 1.393510968072619316e-01
2.802000000000000046e-01 4.224010337111723246e+00 1.393457400168996996e-01
2.819999999999999729e-01 4.197388809415405930e+00 1.393357406626313244e-01
2.837000000000000077e-01 4.535103873625989657e+00 1.947236154416098486e-01
2.853999999999999870e-01 4.602502053651443603e+00 2.617310776868874700e-01
2.872000000000000108e-01 4.167443753881070023e+00 1.394644929952997270e-01
2.888999999999999901e-01 4.547440898365520567e+00 1.393550454872825584e-01
2.906000000000000250e-01 4.185061616646222227e+00 1.393478185494207433e-01
2.923999999999999932e-01 4.216630944678271931e+00 1.393497661325372172e-01
2.940999999999999726e-01 4.655933291178139477e+00 1.393520016565679143e-01
2.958000000000000074e-01 4.392203351973308578e+00 1.393562398740318120e-01
2.974999999999999867e-01 4.411456499840860523e+00 1.393520603260049173e-01
2.993000000000000105e-01 4.223788407617820262e+00 1.393386060653566405e-01
3.009999999999999898e-01 4.468930688518601535e+00 1.393556745450557632e-01
3.027000000000000246e-01 4.396880123140554097e+00 1.393550671763855719e-01
3.044999999999999929e-01 4.686654231980789120e+00 1.573404871147363882e-01
3.062000000000000277e-01 4.650438086063651610e+00 1.393588891356022097e-01
3.079000000000000070e-01 4.752146910462751173e+00 1.393591797219158324e-01
3.096999999999999753e-01 4.497012635216081300e+00 1.393582979205719996e-01
3.114000000000000101e-01 4.730530184582843134e+00 1.396059494777885657e-01
3.130999999999999894e-01 4.607677520203329102e+00 1.393571402185662111e-01
3.149000000000000132e-01 4.477518981047668767e+00 1.393564992078792919e-01
3.165999999999999925e-01 4.766813129900357104e+00 1.393625442683578963e-01
3.183000000000000274e-01 4.645666573742226468e+00 1.393515574124236933e-01
3.200999999999999956e-01 4.467532013262240476e+00 1.393557474806490504e-01
3.217999999999999750e-01 4.813706714128186626e+00 1.393626678393906082e-01
3.235000000000000098e-01 4.684342223147479167e+00 1.393589193621621314e-01
3.252999999999999781e-01 4.529978345351838520e+00 1.398700151077324205e-01
3.270000000000000129e-01 4.588744468598108917e+00 1.393623230197708063e-01
3.286999999999999922e-01 4.431918093590637930e+00 1.568668516190283024e-01
3.304000000000000270e-01 4.753426545181390850e+00 1.393561712384636941e-01
3.321999999999999953e-01 4.724896112505835077e+00 1.393616072897745362e-01
3.338999999999999746e-01 4.578239016786874949e+00 1.393557334100452572e-01
3.356000000000000094e-01 4.914603937836927727e+00 1.738851130463145156e-01
3.373999999999999777e-01 5.062159238092220015e+00 1.393751368056220796e-01
3.391000000000000125e-01 4.659176051176365796e+00 1.393539236316563568e-01
3.407999999999999918e-01 4.775073404072038841e+00 1.393580705924892249e-01
3.426000000000000156e-01 4.909421339216750724e+00 1.393658054128841250e-01
3.442999999999999949e-01 4.964036876454544611e+00 1.393667449864621211e-01
3.459999999999999742e-01 4.911752523211096566e+00 1.393664186759093482e-01
3.477999999999999980e-01 4.842586675624581005e+00 1.393632429877577350e-01
3.494999999999999774e-01 4.948259604901735109e+00 1.393668949804214019e-01
3.512000000000000122e-01 4.942688744394328815e+00 1.393820551126276619e-01
3.529999999999999805e-01 4.884954074871470375e+00 1.393665220883962552e-01
3.547000000000000153e-01 4.867024896486806362e+00 1.393648882666247424e-01
3.563999999999999946e-01 5.036097374796636217e+00 1.546677055089325237e-01
3.580999999999999739e-01 5.058327609974735850e+00 1.400040323266247555e-01
3.598999999999999977e-01 5.244200420690384057e+00 1.393747129254801209e-01
3.615999999999999770e-01 5.061269003017921264e+00 1.393712803360707686e-01
3.633000000000000118e-01 4.971057270793458827e+00 1.433591308705051970e-01
3.650999999999999801e-01 5.113908957423046076e+00 1.393693587140779344e-01
3.668000000000000149e-01 5.192467849638359390e+00 1.393700457113443425e-01
3.684999999999999942e-01 5.184183422825339171e+00 1.393743430933261918e-01
3.703000000000000180e-01 4.890774046322537316e+00 1.393705346166810022e-01
3.719999999999999973e-01 5.061904035720487194e+00 1.393725377144200694e-01
3.736999999999999766e-01 5.137362025748589467e+00 1.393795913302906531e-01
3.755000000000000004e-01 4.950630383683328084e+00 1.393702913200395299e-01
3.771999999999999797e-01 5.265747820202234308e+00 1.393829492528220193e-01
3.789000000000000146e-01 5.182327654518874560e+00 1.393749405751390780e-01
3.806999999999999829e-01 5.065802783465801262e+00 1.393741376174059965e-01
3.824000000000000177e-01 5.415964994313277714e+00 1.393868446973215713e-01
3.840999999999999970e-01 5.469407047616768658e+00 1.393851358873074153e-01
3.859000000000000208e-01 5.446793618892971978e+00 1.393949426039117756e-01
3.876000000000000001e-01 5.532034608572214296e+00 1.393960011521124531e-01
3.892999999999999794e-01 5.471156061330231246e+00 1.393859017693213631e-01
3.910000000000000142e-01 5.352869172137702414e+00 1.393857741276333384e-01
3.927999999999999825e-01 5.166708069756954735e+00 1.393716685890508122e-01
3.945000000000000173e-01 5.552868643295409967e+00 1.393903344254981969e-01
3.961999999999999966e-01 5.507488539130147132e+00 1.393886459079494711e-01
3.980000000000000204e-01 5.557700099367696822e+00 1.393838648757158571e-01
3.996999999999999997e-01 5.528646991392291099e+00 1.393933910934764542e-01
4.013999999999999790e-01 5.664498875480869167e+00 1.393920978993406501e-01
4.032000000000000028e-01 5.720038767622403597e+00 1.393955050193792233e-01
4.048999999999999821e-01 5.527702666428669254e+00 1.393949445672429122e-01
4.066000000000000170e-01 5.826795384384721110e+00 1.394048143128547856e-01
4.126000000000000223e-01 6.075445273229537868e+00 1.652696246490308329e-01
4.143000000000000016e-01 6.033906236731380268e+00 1.652657906095615914e-01
4.161000000000000254e-01 6.099903082210027527e+00 1.652742443924472837e-01
4.178000000000000047e-01 6.146296866470243536e+00 1.652784537177235669e-01
4.194999999999999840e-01 6.145672583173265480e+00 1.652653820010612506e-01
4.213000000000000078e-01 6.108406967001818622e+00 1.652624760293624206e-01
4.229999999999999871e-01 6.295361046677765415e+00 1.652668318355297039e-01
4.247000000000000219e-01 6.372111240340081473e+00 1.652682549862254657e-01
4.264000000000000012e-01 6.176307847904639381e+00 1.652614361748281913e-01
4.282000000000000250e-01 6.293573782463575128e+00 1.652631280360817578e-01
4.315999999999999837e-01 6.604072847934345347e+00 1.652731990152859487e-01
4.334000000000000075e-01 6.482242328564184142e+00 1.656953975818543090e-01
4.350999999999999868e-01 6.466614117780444815e+00 1.652828709151612785e-01
4.368000000000000216e-01 6.442221082951975042e+00 1.652780539754282463e-01
4.385999999999999899e-01 6.400397069568407815e+00 1.652752604416677373e-01
4.403000000000000247e-01 6.277650851097820173e+00 1.652790787192909283e-01
4.437999999999999723e-01 6.511131055249056665e+00 1.652780583322675245e-01
4.455000000000000071e-01 6.515153479615287679e+00 1.652810817621061523e-01
4.471999999999999864e-01 6.474284608280123088e+00 2.056834567233428168e-01
4.490000000000000102e-01 6.560646195554014071e+00 1.652945189663694581e-01
4.506999999999999895e-01 6.762386891662645283e+00 1.652845120948983337e-01
4.524000000000000243e-01 6.831302517305460675e+00 1.652931653443177329e-01
4.541000000000000036e-01 6.731106717896838454e+00 1.652866410899974658e-01
4.576000000000000068e-01 6.922582958289374311e+00 1.653219469420358356e-01
4.592999999999999861e-01 6.865923705902832630e+00 1.652898966261181768e-01
4.611000000000000099e-01 7.147967573718959855e+00 1.653168389414381434e-01
4.627999999999999892e-01 7.185179937265330885e+00 1.652992111008619314e-01
4.645000000000000240e-01 7.359197323817148195e+00 1.653039725746585364e-01
4.662999999999999923e-01 7.115190364677335566e+00 1.652961422718887963e-01
4.680000000000000271e-01 7.282883765628875850e+00 1.671042158608134487e-01
4.697000000000000064e-01 7.171623290759970182e+00 1.653021238054850350e-01
4.714999999999999747e-01 7.180704737611373289e+00 1.654946827835485634e-01
4.732000000000000095e-01 7.285215238935149884e+00 1.653231747570127474e-01
4.748999999999999888e-01 7.667627508332018671e+00 1.653261135165347562e-01
4.767000000000000126e-01 7.367812258281039917e+00 1.653197194613425791e-01
4.783999999999999919e-01 6.989352532665684237e+00 1.653006068701844133e-01
4.801000000000000267e-01 7.358846184783415012e+00 1.653174466929636377e-01
4.818999999999999950e-01 7.488558350355564386e+00 1.653264275344712153e-01
4.835999999999999743e-01 7.769605419593236917e+00 1.653259145130660523e-01
4.853000000000000091e-01 7.639717965953192191e+00 1.653285930234477952e-01
4.869999999999999885e-01 7.604183009648904701e+00 1.653115036805934968e-01
4.888000000000000123e-01 7.557093527541924871e+00 1.653204973636456798e-01
4.904999999999999916e-01 7.824410023996850150e+00 1.653343674509758221e-01
4.922000000000000264e-01 8.008695516228437228e+00 1.653369469246452061e-01
4.939999999999999947e-01 7.772286414571351720e+00 1.653367721970196436e-01
4.956999999999999740e-01 8.103233884995162839e+00 1.653422173432002318e-01
4.974000000000000088e-01 7.879962640289486231e+00 1.653411726218626532e-01
4.991999999999999771e-01 7.425748983106089440e+00 1.653141021721003245e-01
5.009000000000000119e-01 7.851514460956448005e+00 1.653294623852649137e-01
5.026000000000000467e-01 7.894675768623915069e+00 1.653269975973355732e-01
5.043999999999999595e-01 7.973324377593758783e+00 1.653360936596378616e-01
5.060999999999999943e-01 7.797908343271435783e+00 1.653273681778209825e-01
5.078000000000000291e-01 8.043075524069939419e+00 1.653369740000703025e-01
5.096000000000000529e-01 7.700082273089486229e+00 1.653249667554552993e-01
5.112999999999999767e-01 7.982931769008394518e+00 1.653471430096975225e-01
5.130000000000000115e-01 7.883594413826799041e+00 1.653390359964681533e-01
5.147000000000000464e-01 7.935290540197332376e+00 1.653278566074937450e-01
5.164999999999999591e-01 8.087055105170151137e+00 1.653331742933725756e-01
5.181999999999999940e-01 8.225278658143468036e+00 1.666605856823167864e-01
5.199000000000000288e-01 8.395176639567177190e+00 1.653633695858074404e-01
5.217000000000000526e-01 8.445603923401401758e+00 1.653661779999167358e-01
5.233999999999999764e-01 8.423757191495409913e+00 1.653553030577089022e-01
5.251000000000000112e-01 8.275191389736978209e+00 1.655343670562634539e-01
5.269000000000000350e-01 8.430018276573139957e+00 1.653414776308896050e-01
5.285999999999999588e-01 8.532747213671937558e+00 1.653438684367919409e-01
5.302999999999999936e-01 8.840816452047256746e+00 1.653617847038484079e-01
5.321000000000000174e-01 8.396558404959648669e+00 1.653443716151863641e-01
5.338000000000000522e-01 8.595058625978863276e+00 1.653611459756869906e-01
5.354999999999999760e-01 8.696433100808167893e+00 1.653658578156288750e-01
5.372999999999999998e-01 8.589567562128264555e+00 1.653698057609853667e-01
5.390000000000000346e-01 8.643506108512337249e+00 1.653643188605306291e-01
5.406999999999999584e-01 8.763115507582233121e+00 1.653672481402498340e-01
5.424999999999999822e-01 8.865970343328593017e+00 1.653699738782096751e-01
5.442000000000000171e-01 8.715932175030394191e+00 1.653761583257602197e-01
5.459000000000000519e-01 8.480137536867001558e+00 1.653669859123054475e-01
5.475999999999999757e-01 8.923975742518065246e+00 1.653770355059314134e-01
5.493999999999999995e-01 8.959960692164715468e+00 1.653756937948429040e-01
5.511000000000000343e-01 8.673735298773507907e+00 1.653738591462694252e-01
5.527999999999999581e-01 9.192745236458932823e+00 1.653774224876983501e-01
5.545999999999999819e-01 9.072070071412049685e+00 1.653900394017912556e-01
5.563000000000000167e-01 9.223557760424228036e+00 1.653797811586364686e-01
5.580000000000000515e-01 9.432779867859968803e+00 1.654759253841902866e-01
5.597999999999999643e-01 9.020956096673373281e+00 1.653841148013439066e-01
5.614999999999999991e-01 9.444114733389566751e+00 1.654080616574149232e-01
5.632000000000000339e-01 9.342883765339562885e+00 1.653862238616078673e-01
5.649999999999999467e-01 9.153094026385884874e+00 1.653952246339834842e-01
5.666999999999999815e-01 9.119790509983387139e+00 1.653888630492904022e-01
5.684000000000000163e-01 8.887023945236281364e+00 1.653795161380627876e-01
5.702000000000000401e-01 9.127845425619646846e+00 1.653731018237189487e-01
5.718999999999999639e-01 9.032260968009589774e+00 1.653962591663984683e-01
5.735999999999999988e-01 9.306000707763326218e+00 1.653908505627564307e-01
5.754000000000000226e-01 9.414418393119774464e+00 1.654033427882016793e-01
5.770999999999999464e-01 9.372689980492657114e+00 1.653890566605729640e-01
5.787999999999999812e-01 9.296080256556003008e+00 1.653999916875491250e-01
5.805000000000000160e-01 9.596429749907652962e+00 1.654183748728576264e-01
5.823000000000000398e-01 9.332733107675780460e+00 1.654015071310560858e-01
5.839999999999999636e-01 9.533756423683643177e+00 1.654104265981252431e-01
5.856999999999999984e-01 9.719593604685677235e+00 1.654192014602738625e-01
5.875000000000000222e-01 9.409258882291801740e+00 1.654130233353083290e-01
5.891999999999999460e-01 1.014086518926657554e+01 1.789961994549532642e-01
5.908999999999999808e-01 9.661340243591540755e+00 1.654188859938361955e-01
5.927000000000000046e-01 9.777770915457418610e+00 1.654206414255558200e-01
5.944000000000000394e-01 9.765621710486716012e+00 3.325867355814821624e-01
5.960999999999999632e-01 1.004993610595491482e+01 1.654181216756994144e-01
5.978999999999999870e-01 9.773707351219071526e+00 1.653837522728284215e-01
5.996000000000000218e-01 1.005937307835978878e+01 1.654367159497888429e-01
6.012999999999999456e-01 1.006314379935896142e+01 1.654217792992534464e-01
6.030999999999999694e-01 9.746600390791838819e+00 1.654307347421728192e-01
6.048000000000000043e-01 1.002396408861881127e+01 1.654366960811138876e-01
6.065000000000000391e-01 9.722357694887417523e+00 1.654281611341775760e-01
6.081999999999999629e-01 9.683642500873384407e+00 1.654261540053006685e-01
6.099999999999999867e-01 9.940241857161382200e+00 1.654243443214976628e-01
6.117000000000000215e-01 9.744904347634232522e+00 4.485983358801122756e-01
6.133999999999999453e-01 1.022054244085235553e+01 1.654431088352079637e-01
6.169000000000000039e-01 1.025554881104186222e+01 1.654391015636906825e-01
6.186000000000000387e-01 1.008334660863243393e+01 1.654230885229991121e-01
6.220999999999999863e-01 1.027314663708681586e+01 1.654424844741626544e-01
6.238000000000000211e-01 1.000897139457731377e+01 1.654150048424798125e-01
6.256000000000000449e-01 1.060698922765460317e+01 2.375033062896766411e-01
6.272999999999999687e-01 1.002164570780392339e+01 1.654333873836821567e-01
6.290000000000000036e-01 1.084858281202157215e+01 1.654666911964566833e-01
6.308000000000000274e-01 1.030286934276835176e+01 1.657019399832027617e-01
6.324999999999999512e-01 1.056727967446555994e+01 1.654482035439558407e-01
6.341999999999999860e-01 1.028415805895076751e+01 1.654381420262234226e-01
6.360000000000000098e-01 1.051987726991789707e+01 1.654605979334948795e-01
6.377000000000000446e-01 1.078695203318600804e+01 1.654676302921817832e-01
6.393999999999999684e-01 1.048976717438978667e+01 1.654720631126728736e-01
6.411000000000000032e-01 1.068740152798883614e+01 1.654597916199424257e-01
6.429000000000000270e-01 1.035964743121783549e+01 3.054906989199536738e-01
6.445999999999999508e-01 1.020139740860144784e+01 1.654518709854220226e-01
6.462999999999999856e-01 1.071504450029957312e+01 1.694497405944576651e-01
6.481000000000000094e-01 1.071324525554239671e+01 1.654680519328985688e-01
6.498000000000000442e-01 1.050772356937825514e+01 1.654736566196274017e-01
6.514999999999999680e-01 1.023611703610082202e+01 4.223386449671265863e-01
6.532999999999999918e-01 1.092691929796249362e+01 1.654776255797782425e-01
6.550000000000000266e-01 1.049257191837888392e+01 1.654610583200487317e-01
6.566999999999999504e-01 1.051372955611520865e+01 3.041310875484820042e-01
6.584999999999999742e-01 1.077154919124690480e+01 1.654647216652827268e-01
6.602000000000000091e-01 1.096580216191498103e+01 1.654891063316202282e-01
6.619000000000000439e-01 1.063883934476387516e+01 1.654489478870447838e-01
6.636999999999999567e-01 1.068889869565399486e+01 1.654692554379895153e-01
6.653999999999999915e-01 1.053011625889150871e+01 1.654616673387138970e-01
6.671000000000000263e-01 1.079909616964711816e+01 1.654777390331499953e-01
6.687999999999999501e-01 1.082136630876642336e+01 1.654774805460564879e-01
6.705999999999999739e-01 1.113827058261289160e+01 1.654808581062709727e-01
6.723000000000000087e-01 1.084901706838435054e+01 1.654853926527675989e-01
6.740000000000000435e-01 1.079710642378299923e+01 1.654575385924738351e-01
6.757999999999999563e-01 1.080502810222840537e+01 1.654804188093731698e-01
6.774999999999999911e-01 1.066880937061967849e+01 1.654820008846416557e-01
6.792000000000000259e-01 1.062881948935023146e+01 1.654766863166363400e-01
6.810000000000000497e-01 1.094962591681619912e+01 1.654750200978062635e-01
6.826999999999999735e-01 1.079586390838567311e+01 1.654549665172473927e-01
6.862000000000000322e-01 1.069576113351739366e+01 1.654636495431498211e-01
6.878999999999999559e-01 1.099176620056064735e+01 1.654920065123826889e-01
6.895999999999999908e-01 1.108567501450801807e+01 1.654936578653870005e-01
6.914000000000000146e-01 1.095442792262241305e+01 1.654775503619733690e-01
6.931000000000000494e-01 1.079949316307109619e+01 1.654802167218593079e-01
6.947999999999999732e-01 1.082178013718616327e+01 1.654875658931120597e-01
6.983000000000000318e-01 1.096588205707997155e+01 1.654859776247020742e-01
6.999999999999999556e-01 1.102018546171562541e+01 1.654858960317661387e-01
7.016999999999999904e-01 1.085570649833406520e+01 1.657825319926118368e-01
7.035000000000000142e-01 1.097070790487763503e+01 1.654800532720613893e-01
7.052000000000000490e-01 1.109110348308063010e+01 1.654698727991373575e-01
7.068999999999999728e-01 1.122874300439768369e+01 1.654922599774502068e-01
7.086999999999999966e-01 1.098039496228559742e+01 1.654739855750246569e-01
7.159999999999999698e-01 1.100800638692807709e+01 1.695630980666952559e-01
7.177000000000000046e-01 1.092559086449119121e+01 1.726282798142403097e-01
7.194000000000000394e-01 1.110338336038706331e+01 1.727518841231777125e-01
7.211999999999999522e-01 1.146010781991244620e+01 1.726515706020918528e-01
7.228999999999999870e-01 1.106800641288391951e+01 1.726587597270408669e-01
7.246000000000000218e-01 1.121233659266868443e+01 2.055160746466978827e-01
7.264000000000000457e-01 1.125403010341179311e+01 1.726350054884457363e-01
7.280999999999999694e-01 1.105882333289978803e+01 1.726428459006180416e-01
7.298000000000000043e-01 1.143195703508259342e+01 1.726594239315096535e-01
7.316000000000000281e-01 1.116646324735870621e+01 1.726612533756681778e-01
7.332999999999999519e-01 1.125013340948866514e+01 1.726326951836947288e-01
7.349999999999999867e-01 1.120376736904261072e+01 1.726486419302409037e-01
7.368000000000000105e-01 1.130757845296896669e+01 1.726459175777507737e-01
7.385000000000000453e-01 1.116796026828064825e+01 1.726387566464137879e-01
7.401999999999999691e-01 1.139060176710812655e+01 1.726604606541395359e-01
7.419999999999999929e-01 1.137143552703358473e+01 1.726480763338630875e-01
7.437000000000000277e-01 1.182480390217654431e+01 1.726826207599048424e-01
7.470999999999999863e-01 1.151963542896676529e+01 1.726767469658154197e-01
7.489000000000000101e-01 1.174000798907845500e+01 1.726705146134641933e-01
7.506000000000000449e-01 1.138567534521187063e+01 1.726439710677033224e-01
7.522999999999999687e-01 1.155079483213523339e+01 1.726737320549195653e-01
7.540999999999999925e-01 1.148926934773999164e+01 1.726537725959543523e-01
7.558000000000000274e-01 1.140967838162564973e+01 1.726652000757476213e-01
7.574999999999999512e-01 1.116007777763857156e+01 1.726511109920149944e-01
7.592999999999999750e-01 1.150762522222190931e+01 1.726490561430366333e-01
7.610000000000000098e-01 1.154317225364252408e+01 1.726797813282051619e-01
7.627000000000000446e-01 1.110068515078721241e+01 1.726533445254620491e-01
7.644999999999999574e-01 1.106336580018406934e+01 1.726384647597612176e-01
7.661999999999999922e-01 1.125244996211203841e+01 1.726401237385038756e-01
7.679000000000000270e-01 1.154915169356910276e+01 3.042085176534807256e-01
7.697000000000000508e-01 1.144702028894855061e+01 1.726761499321038673e-01
7.713999999999999746e-01 1.150529268178275721e+01 1.726777122341373039e-01
7.731000000000000094e-01 1.165947940046833331e+01 1.726568244574443189e-01
7.749000000000000332e-01 1.178763833647324510e+01 1.726734231345364023e-01
7.765999999999999570e-01 1.140707595499888427e+01 1.726935002560621712e-01
7.782999999999999918e-01 1.141025780904829290e+01 1.726619903882519180e-01
7.800000000000000266e-01 1.141520061206318992e+01 1.726577456874157090e-01
7.818000000000000504e-01 1.126475260221653052e+01 1.726425685801372123e-01
7.834999999999999742e-01 1.148281754781834429e+01 1.726340209637774459e-01
7.852000000000000091e-01 1.127719467890478455e+01 1.726446725462363885e-01
7.870000000000000329e-01 1.118897933851605941e+01 1.726483333486238947e-01
7.886999999999999567e-01 1.132948834819642414e+01 1.726385091906401936e-01
7.922000000000000153e-01 1.146901812559245037e+01 1.726679737302717066e-01
7.939000000000000501e-01 1.108919192953582034e+01 1.726440436558205060e-01
7.955999999999999739e-01 1.148255695117697606e+01 1.726387099661474966e-01
7.973999999999999977e-01 1.123756760318677905e+01 1.726674131715364990e-01
7.991000000000000325e-01 1.098333831428498364e+01 1.726278896525931250e-01
8.007999999999999563e-01 1.138338983013340311e+01 1.726353858875731562e-01
8.025999999999999801e-01 1.117175749907751658e+01 1.726489531257735521e-01
8.043000000000000149e-01 1.094918943521252253e+01 1.726569527244164182e-01
8.077999999999999625e-01 1.094945362355620944e+01 1.726381169218224321e-01
8.112000000000000322e-01 1.124106285821494744e+01 1.726460625149975614e-01
8.128999999999999559e-01 1.096508851410612095e+01 1.726531002774224222e-01
8.146999999999999797e-01 1.121538048730272408e+01 1.726588512752983695e-01
8.164000000000000146e-01 1.121768595928371148e+01 1.726628678595200084e-01
8.181000000000000494e-01 1.110273556490186131e+01 1.726265064972650753e-01
8.198999999999999622e-01 1.106392354983589144e+01 1.726349160785397852e-01
8.215999999999999970e-01 1.128547008340468771e+01 1.726442437662219498e-01
8.233000000000000318e-01 1.123518334594813162e+01 1.726493309958075095e-01
8.250999999999999446e-01 1.129425442969965765e+01 1.726678136026723875e-01
8.267999999999999794e-01 1.134429822962739109e+01 1.726477399752777697e-01
8.285000000000000142e-01 1.125375350904602634e+01 1.726422235000640570e-01
8.303000000000000380e-01 1.113078650039586748e+01 1.726449618151193743e-01
8.319999999999999618e-01 1.076919186238805892e+01 1.726388932831533773e-01
8.336999999999999966e-01 1.106865875082250206e+01 1.726468650477346600e-01
8.355000000000000204e-01 1.090645118766693145e+01 1.726278196362423523e-01
8.372000000000000552e-01 1.127846520060676205e+01 1.726366456922092119e-01
8.388999999999999790e-01 1.092092481151003547e+01 1.726327279452433971e-01
8.406000000000000139e-01 1.104461454163681111e+01 1.726372487134549272e-01
8.424000000000000377e-01 1.118687024205905090e+01 1.732206393998610150e-01
8.440999999999999615e-01 1.103673811264623339e+01 1.726327633650510118e-01
8.457999999999999963e-01 1.116508998866886948e+01 1.726488272934673940e-01
8.476000000000000201e-01 1.109927141287081476e+01 1.726403603008970777e-01
8.493000000000000549e-01 1.097709002495289354e+01 1.900045277445628344e-01
8.509999999999999787e-01 1.092734076562142675e+01 1.726309854102970054e-01
8.528000000000000025e-01 1.096073141276599827e+01 1.726413061697245344e-01
8.545000000000000373e-01 1.085696905974108084e+01 1.726425109990637197e-01
8.561999999999999611e-01 1.071003764978630812e+01 1.726168319831637987e-01
8.579999999999999849e-01 1.105181916600440317e+01 1.726419119801476942e-01
8.597000000000000197e-01 1.102632325671363311e+01 1.726341416264818573e-01
8.614000000000000545e-01 1.102391566746184104e+01 1.726404981884256951e-01
8.631999999999999673e-01 1.096098380403710948e+01 1.726302354027630659e-01
8.649000000000000021e-01 1.073892628788022563e+01 1.726192117769298484e-01
8.666000000000000369e-01 1.055166430378793407e+01 2.166338276740258084e-01
8.683999999999999497e-01 1.056854303671493867e+01 1.726286360528666575e-01
8.700999999999999845e-01 1.065910317312309985e+01 1.726188042642439191e-01
8.718000000000000194e-01 1.098367841745544382e+01 1.726355298451157094e-01
8.735000000000000542e-01 1.085511659326441247e+01 1.726225699956211168e-01
8.752999999999999670e-01 1.066872920351023346e+01 1.726246685060303376e-01
8.770000000000000018e-01 1.103582846564311737e+01 1.726235798397037502e-01
8.787000000000000366e-01 1.063902824953527215e+01 1.726153956465521777e-01
8.804999999999999494e-01 1.086356661038162130e+01 1.726176258311188927e-01
8.821999999999999842e-01 1.079312542621229909e+01 1.726169108171033695e-01
8.839000000000000190e-01 1.073606815263862835e+01 1.726398552925580421e-01
8.857000000000000428e-01 1.090241893136184181e+01 1.726183049035212025e-01
8.873999999999999666e-01 1.045423902444107078e+01 1.726042668448558859e-01
8.891000000000000014e-01 1.081182785157471038e+01 1.726414689185276630e-01
8.909000000000000252e-01 1.075119016078622458e+01 1.726130253024011907e-01
8.925999999999999490e-01 1.071039373311715082e+01 1.726244668986700592e-01
8.942999999999999838e-01 1.067892849691555135e+01 1.726321146598473744e-01
8.961000000000000076e-01 1.008263210239262442e+01 3.367033244374651457e-01
8.978000000000000425e-01 1.083521946396105484e+01 1.726113673440037299e-01
8.994999999999999662e-01 1.048744055910595208e+01 1.725977010282492841e-01
9.012000000000000011e-01 1.059186024902996515e+01 1.726170167213635087e-01
9.030000000000000249e-01 1.038118600930148716e+01 1.726053766259904032e-01
9.046999999999999487e-01 1.053931535500421290e+01 1.725970312523354144e-01
9.063999999999999835e-01 1.026601989622887423e+01 1.725903264596555520e-01
9.082000000000000073e-01 1.044035231744846826e+01 1.726033600922614875e-01
9.099000000000000421e-01 1.040204798261060404e+01 1.726011299430373902e-01
9.115999999999999659e-01 1.028595139324392171e+01 1.725962358963746557e-01
9.133999999999999897e-01 1.058811389596220742e+01 1.726186339337296427e-01
9.151000000000000245e-01 1.020145057784462139e+01 1.754481500187879961e-01
9.167999999999999483e-01 1.054839550608323684e+01 1.726006350590913729e-01
9.185999999999999721e-01 1.021596822578458053e+01 1.725890196901385398e-01
9.203000000000000069e-01 9.997341318429942447e+00 1.725747306572173179e-01
9.220000000000000417e-01 1.053061641182874553e+01 1.726002264800529651e-01
9.237999999999999545e-01 1.004883129380481854e+01 1.725962786207642929e-01
9.254999999999999893e-01 9.966543367182511659e+00 1.725645338327139733e-01
9.272000000000000242e-01 1.039793840916358292e+01 1.726074783315522387e-01
9.290000000000000480e-01 1.053839399658505904e+01 1.726159418683781699e-01
9.306999999999999718e-01 1.024310815681788611e+01 1.726087962783723340e-01
9.324000000000000066e-01 1.002048589162922632e+01 1.725906073285668474e-01
9.341000000000000414e-01 1.015846818623723635e+01 1.725845117412610763e-01
9.358999999999999542e-01 9.981121930683929833e+00 1.725808431787910768e-01
9.375999999999999890e-01 1.014755946923686025e+01 1.725956930045260407e-01
9.393000000000000238e-01 1.009038281894770606e+01 1.725874297379040578e-01
9.411000000000000476e-01 1.012848564299757292e+01 1.725935882109321251e-01
9.445000000000000062e-01 9.860441405210831789e+00 1.725750712972906054e-01
9.463000000000000300e-01 9.970147184575496979e+00 1.725995363625927037e-01
9.479999999999999538e-01 1.001891856413970494e+01 1.726099452773122711e-01
9.496999999999999886e-01 9.935040958700669833e+00 1.725788764372932216e-01
9.515000000000000124e-01 1.004400816203094315e+01 1.725779410164102468e-01
9.532000000000000473e-01 9.807272912894617889e+00 1.725686157533255771e-01
9.548999999999999710e-01 9.689434860692246687e+00 1.725844943771097095e-01
9.566999999999999948e-01 9.578107069967069620e+00 1.725661278129592413e-01
9.584000000000000297e-01 9.564480282408691636e+00 1.725603636019716891e-01
9.600999999999999535e-01 9.911778683469133711e+00 1.725693151654509039e-01
9.617999999999999883e-01 9.393825640832231372e+00 1.725506213289615953e-01
9.636000000000000121e-01 9.281409277461875718e+00 1.725576618708751508e-01
9.653000000000000469e-01 9.534353469424617700e+00 1.725653415603276286e-01
9.669999999999999707e-01 9.398110301724930338e+00 1.725606839145222282e-01
9.687999999999999945e-01 9.661898538684351223e+00 1.725717816596048226e-01
9.705000000000000293e-01 9.401786245482874449e+00 1.725516134962883363e-01
9.721999999999999531e-01 9.485099302520563214e+00 1.725598805556725623e-01
9.739999999999999769e-01 9.841170833036102294e+00 1.725705409121439382e-01
9.757000000000000117e-01 9.061478938873927191e+00 1.725364617710492821e-01
9.774000000000000465e-01 9.241960837758966818e+00 1.725594900935558951e-01
9.791999999999999593e-01 9.265171898033338849e+00 1.725459811586522729e-01
9.808999999999999941e-01 9.328841473407344154e+00 1.725442791345345728e-01
9.826000000000000290e-01 9.520431561875527748e+00 1.725675324595400129e-01
9.844000000000000528e-01 9.497267072954374001e+00 1.725534851750777920e-01
9.860999999999999766e-01 9.159568330735298858e+00 1.725366405796933955e-01
9.878000000000000114e-01 9.208692484397079880e+00 1.725369696162144528e-01
9.896000000000000352e-01 9.200453053795637715e+00 1.725501649358166800e-01
9.912999999999999590e-01 9.074049998308394649e+00 1.725504417685364833e-01
9.929999999999999938e-01 9.294797424407647668e+00 1.725503611550003313e-01
9.947000000000000286e-01 9.046381825646705011e+00 1.725366991407017436e-01
9.965000000000000524e-01 8.853397434084545381e+00 2.402523927278677196e-01
9.981999999999999762e-01 8.904493269086399820e+00 1.725490558556022347e-01
9.999000000000000110e-01 8.850015784841275490e+00 1.741211868638919413e-01
1.001700000000000035e+00 8.759906146801093030e+00 1.725322138035334796e-01
1.003400000000000070e+00 8.684582766769709750e+00 1.725117284952640273e-01
1.005100000000000104e+00 8.986970870769399156e+00 1.725397249465400185e-01
1.006899999999999906e+00 8.823726551727537171e+00 1.725436168364621881e-01
1.008599999999999941e+00 8.479052316941574574e+00 1.725234230925551393e-01
1.010299999999999976e+00 8.880619708273325585e+00 1.725376396869785778e-01
1.016299999999999981e+00 8.308547162264083852e+00 1.444964871068504519e-01
1.018000000000000016e+00 8.430245429254899392e+00 1.445048336618463269e-01
1.019800000000000040e+00 8.484964706534739776e+00 1.445114198028587260e-01
1.021500000000000075e+00 8.307442756400789108e+00 1.444979734017893536e-01
1.023200000000000109e+00 8.362570630291376261e+00 1.445085260994248277e-01
1.024999999999999911e+00 8.122396498752674887e+00 1.444900151211651051e-01
1.026699999999999946e+00 8.339886623902863505e+00 1.444931159894623784e-01
1.028399999999999981e+00 8.265473810432339974e+00 1.445059421711480108e-01
1.030100000000000016e+00 8.238910543625529215e+00 1.444895256231163716e-01
1.031900000000000039e+00 8.003423881994100597e+00 1.444907977941845001e-01
1.033600000000000074e+00 7.950565922265068863e+00 1.444746523417326234e-01
1.035300000000000109e+00 8.132332290699682886e+00 1.444922896205246832e-01
1.037099999999999911e+00 8.110094277273759644e+00 1.444791523098594710e-01
1.038799999999999946e+00 7.759807306262078264e+00 1.444767943262455778e-01
1.040499999999999980e+00 8.161010153588366123e+00 1.448829426443374868e-01
1.042300000000000004e+00 7.550178596862108016e+00 1.444668309543028217e-01
1.044000000000000039e+00 7.829295737800324950e+00 1.444743630722121475e-01
1.045700000000000074e+00 7.753979705978780501e+00 1.444780958807765636e-01
1.047500000000000098e+00 7.738378847966409957e+00 1.444624605760291836e-01
1.049199999999999910e+00 7.497906225792611679e+00 1.444724321386534616e-01
1.052699999999999969e+00 7.664476312404536529e+00 1.521208286534362630e-01
1.054400000000000004e+00 7.769721260201019497e+00 1.444893698151020200e-01
1.056100000000000039e+00 7.400145528520727822e+00 1.444654353289796800e-01
1.057800000000000074e+00 7.583762041589953817e+00 1.444710782873065147e-01
1.059600000000000097e+00 7.292194031725423464e+00 1.444626023874458209e-01
1.061299999999999910e+00 7.243050515226468811e+00 1.444456216803787496e-01
1.062999999999999945e+00 7.247174824732570464e+00 1.444480068128148886e-01
1.064799999999999969e+00 6.846715639225538830e+00 5.151430112738546452e-01
1.066500000000000004e+00 7.306281083664558196e+00 1.444469258289767521e-01
1.068200000000000038e+00 7.112737689161426680e+00 1.444443938768398827e-01
1.070000000000000062e+00 7.125172378723926059e+00 1.444471150749491450e-01
1.071700000000000097e+00 7.146637222413334101e+00 1.444569737018673306e-01
1.073399999999999910e+00 7.101644031511067823e+00 1.444334970812526098e-01
1.075199999999999934e+00 6.837460395432492177e+00 1.480908996662713140e-01
1.076899999999999968e+00 6.981292904207987426e+00 1.444454126890873935e-01
1.078600000000000003e+00 6.635151437682898390e+00 2.829136828933004333e-01
1.080400000000000027e+00 6.861203220581377771e+00 1.444267522536677451e-01
1.082100000000000062e+00 6.625803516920265146e+00 1.444416481114887407e-01
1.083800000000000097e+00 6.636527682705755105e+00 1.444254901108152078e-01
1.085599999999999898e+00 6.796418442301135343e+00 1.444244805741986826e-01
1.087299999999999933e+00 6.805597237102659847e+00 1.444265540005302273e-01
1.088999999999999968e+00 6.683301126379441293e+00 1.444230595456546529e-01
1.090700000000000003e+00 6.648647261208532555e+00 1.444209374948658420e-01
1.092500000000000027e+00 6.543838587843853638e+00 1.444232651440862103e-01
1.094200000000000061e+00 6.452913807700808135e+00 1.444121750784949920e-01
1.095900000000000096e+00 6.368954117544575411e+00 1.444132327776997682e-01
1.097699999999999898e+00 6.505035764781727181e+00 1.444271766352570596e-01
1.099399999999999933e+00 6.320244804932988458e+00 1.444142338555664262e-01
1.101099999999999968e+00 6.657196125574105672e+00 1.444243909081401045e-01
1.102899999999999991e+00 6.096358952869167069e+00 1.444112529100216036e-01
1.104600000000000026e+00 6.425082068642150368e+00 1.444124705544567178e-01
1.106300000000000061e+00 6.241359659673549665e+00 1.444082673017538232e-01
1.108100000000000085e+00 6.376802573281036501e+00 1.444119442723768021e-01
1.109799999999999898e+00 6.007825264238518592e+00 1.444020313146795742e-01
1.111499999999999932e+00 6.084513561330972209e+00 1.444026417945469820e-01
1.113299999999999956e+00 5.987807550145577196e+00 1.444038556700429632e-01
1.114999999999999991e+00 6.013478233113851878e+00 1.444031374884792440e-01
1.116700000000000026e+00 5.922235063343745942e+00 1.443965927050794573e-01
1.118500000000000050e+00 5.959063412643128999e+00 1.443964898893208282e-01
1.120200000000000085e+00 6.132631707583789726e+00 1.904490874530457845e-01
1.121899999999999897e+00 5.985336570335325845e+00 1.446469256039253359e-01
1.123599999999999932e+00 5.876356890837653779e+00 1.443991559392126811e-01
1.125399999999999956e+00 5.762890894316065271e+00 1.443894163239959616e-01
1.127099999999999991e+00 5.527334668883160163e+00 1.443878685966644149e-01
1.128800000000000026e+00 5.573906155655476091e+00 1.443908764469770956e-01
1.130600000000000049e+00 5.916800205981776806e+00 1.443987065764736066e-01
1.132300000000000084e+00 5.446442924066558611e+00 1.443763635948024926e-01
1.133999999999999897e+00 5.406814320152664166e+00 1.444008684335938153e-01
1.135799999999999921e+00 5.410257985380880541e+00 1.443882824647015894e-01
1.137499999999999956e+00 5.621001046741309182e+00 1.443792769517168173e-01
1.139199999999999990e+00 5.367542515818485072e+00 1.446994833849704065e-01
1.141000000000000014e+00 5.253640472282608442e+00 1.443718397655520680e-01
1.142700000000000049e+00 5.382245820951782278e+00 1.443652626692631669e-01
1.144400000000000084e+00 5.210653568035481520e+00 1.443736558986710161e-01
1.146200000000000108e+00 4.924094820781821369e+00 1.443689392829069218e-01
1.147899999999999920e+00 5.437226055674554637e+00 1.443691688188695477e-01
1.149599999999999955e+00 5.109574128363369105e+00 1.443673500462022696e-01
1.151299999999999990e+00 5.048168429556230130e+00 1.443638524843720572e-01
1.153100000000000014e+00 4.723815291713931330e+00 1.443572011887968576e-01
1.154800000000000049e+00 4.813492437846380589e+00 1.443610004666356639e-01
1.156500000000000083e+00 4.988063164361053126e+00 1.443558735992387376e-01
1.158300000000000107e+00 5.087655402772467639e+00 1.443607952181389931e-01
1.159999999999999920e+00 5.034814355940172348e+00 1.443553491088268859e-01
1.161699999999999955e+00 4.819026965955265140e+00 1.443537284128019460e-01
1.163499999999999979e+00 4.706127364963673898e+00 1.443527634495047340e-01
1.165200000000000014e+00 4.398278263136439215e+00 1.443424950900133452e-01
1.166900000000000048e+00 4.780631983156331088e+00 1.443560709833312805e-01
1.168700000000000072e+00 4.600787721278723374e+00 1.443525207715328218e-01
1.170400000000000107e+00 4.587762582401018641e+00 1.443531959922189911e-01
1.172099999999999920e+00 5.046184920150122544e+00 1.443651381185936944e-01
1.173899999999999944e+00 4.874573568351718400e+00 1.443646774617634854e-01
1.175599999999999978e+00 4.504217767212648660e+00 1.443479126201949458e-01
1.177300000000000013e+00 4.549524508590446104e+00 1.443518244302340603e-01
1.179100000000000037e+00 4.706480954470071865e+00 1.443534370636676556e-01
1.180800000000000072e+00 4.565982703593571834e+00 1.443488893753595292e-01
1.182500000000000107e+00 4.708252827804332519e+00 1.443544068016629212e-01
1.185999999999999943e+00 4.822979330204780979e+00 1.443520482303561059e-01
1.187699999999999978e+00 4.559805826230954651e+00 1.443505380960106999e-01
1.189400000000000013e+00 4.590688516287635856e+00 1.443491470549240208e-01
1.191200000000000037e+00 4.335613411761458202e+00 1.443450364059296609e-01
1.192900000000000071e+00 4.268548447814983327e+00 1.443380168245092798e-01
1.194600000000000106e+00 4.629791115994489559e+00 1.443568153427976508e-01
1.196399999999999908e+00 4.225560012918456287e+00 1.443453847811253798e-01
1.198099999999999943e+00 4.464187694541474904e+00 1.443513167341487491e-01
1.199799999999999978e+00 4.209990138653377123e+00 1.443363772772961739e-01
1.201600000000000001e+00 4.320041881756734092e+00 1.443505922307039835e-01
1.203300000000000036e+00 4.379817332635487226e+00 1.444012627881161026e-01
1.205000000000000071e+00 4.395304021797351801e+00 1.443481050084906014e-01
1.206800000000000095e+00 4.581000008078929042e+00 1.443518672827491800e-01
1.208499999999999908e+00 4.443177675046381836e+00 1.443505247232313993e-01
1.210199999999999942e+00 4.268582319148404025e+00 1.443423848524200137e-01
1.211899999999999977e+00 4.269761039387899082e+00 1.450785476212826386e-01
1.213700000000000001e+00 4.544557077426341074e+00 1.443470818317262871e-01
1.215400000000000036e+00 4.296160756589934238e+00 1.443440768250141004e-01
1.217100000000000071e+00 4.067669544883570687e+00 1.443370607498444258e-01
1.218900000000000095e+00 4.161192347981201856e+00 1.443344795753659371e-01
1.220599999999999907e+00 4.201181557490712315e+00 1.443443114514692815e-01
1.222299999999999942e+00 4.159403051190984080e+00 1.443434853478995084e-01
1.224099999999999966e+00 4.377992782516712644e+00 1.541750053361901629e-01
1.225800000000000001e+00 4.098356335006068996e+00 1.443362524766387822e-01
1.227500000000000036e+00 4.162163135475157816e+00 1.443401883828993593e-01
1.229300000000000059e+00 4.199601258216308253e+00 1.443381590672217496e-01
1.231000000000000094e+00 4.062982982061716264e+00 1.443367189623619151e-01
1.232699999999999907e+00 4.135373646148308602e+00 1.443438315150852580e-01
1.236199999999999966e+00 4.095801795645565235e+00 1.443460804417749654e-01
1.237900000000000000e+00 3.966899313791236725e+00 1.443318340424430968e-01
1.239700000000000024e+00 3.959594816445642262e+00 1.443439204250894781e-01
1.241400000000000059e+00 3.943672859480492843e+00 1.450921365519135808e-01
1.243100000000000094e+00 4.021015921770980661e+00 1.443385651256136326e-01
1.244799999999999907e+00 4.052786046095064876e+00 1.443451097739621714e-01
1.246599999999999930e+00 4.039834648113918014e+00 1.443408780860663820e-01
1.248299999999999965e+00 4.099622828284045895e+00 3.144411650035172090e-01
1.250000000000000000e+00 4.178153778142554842e+00 1.443427484961056773e-01
1.251800000000000024e+00 3.970618594519494060e+00 1.443283696273532368e-01
1.253500000000000059e+00 3.976356536680460518e+00 1.443436503398118909e-01
1.255200000000000093e+00 4.102984171756381748e+00 1.443397480205819983e-01
1.256999999999999895e+00 4.136176908869814817e+00 1.443383937611509849e-01
1.258699999999999930e+00 4.041481191278260887e+00 1.443341200325386764e-01
1.260399999999999965e+00 4.029008294211410934e+00 1.643151075881888745e-01
1.262199999999999989e+00 3.972606924999161571e+00 1.443343417215264823e-01
1.263900000000000023e+00 4.445594530824410029e+00 1.443426643923496622e-01
1.265600000000000058e+00 4.221236982257543957e+00 1.443487668035667304e-01
1.267400000000000082e+00 3.858836421596612887e+00 1.443360494186393395e-01
1.269099999999999895e+00 4.391690633206343897e+00 1.730842385960849328e-01
1.270799999999999930e+00 4.156402850294320217e+00 1.443385029553064247e-01
1.272499999999999964e+00 3.998894702845769089e+00 1.443327966003013774e-01
1.274299999999999988e+00 4.143123340820988432e+00 1.443407351610956069e-01
1.276000000000000023e+00 4.190145466002894281e+00 2.522317992103376705e-01
1.277700000000000058e+00 4.187955199685837293e+00 1.443382107592033614e-01
1.279500000000000082e+00 4.071838887942512031e+00 1.443393237596727330e-01
1.281199999999999894e+00 4.413828542786216502e+00 1.443500188442959076e-01
1.282899999999999929e+00 3.945361550311478283e+00 1.443378944584436108e-01
1.284699999999999953e+00 4.134948352039430119e+00 1.443365533649665911e-01
1.286399999999999988e+00 4.361038905705393098e+00 1.443413597901789525e-01
1.288100000000000023e+00 4.360327176542636352e+00 1.443392185793641036e-01
1.289900000000000047e+00 4.149721126000561533e+00 1.443388669626116116e-01
1.293299999999999894e+00 4.265252774846065797e+00 1.443497653206276821e-01
1.295099999999999918e+00 4.179060714506313445e+00 1.443425573542949647e-01
1.296799999999999953e+00 4.281041169206815766e+00 1.443406049842622385e-01
1.298499999999999988e+00 4.483873665683903553e+00 1.443445647311888402e-01
1.300300000000000011e+00 4.353355218464433740e+00 1.443466419282909974e-01
1.302000000000000046e+00 4.110749074237730838e+00 1.443349734851201438e-01
1.303700000000000081e+00 4.428077613819894509e+00 1.443501184802080117e-01
1.305399999999999894e+00 4.252495868470568041e+00 1.443406798816826986e-01
1.307199999999999918e+00 4.256495722565185602e+00 1.443432286396303665e-01
1.310599999999999987e+00 4.317061994976748807e+00 1.443416375510246374e-01
1.312400000000000011e+00 4.512704963911503775e+00 1.443491257300096586e-01
